2019-10-24 10:00:13, [10.71, 16.4, 22.56, 2162.51, 992.92, 452.66, 56.0, 9.8, 2.47]
2019-10-24 10:05:12, [24.98, 37.53, 52.07, 3788.7, 1792.28, 845.48, 123.3, 28.98, 9.36]
2019-10-24 10:10:12, [0.0, 0.0, 0.0, 302.58, 114.09, 38.8, 3.16, 0.04, 0.0]
2019-10-24 10:15:13, [0.0, 0.0, 0.0, 98.56, 39.51, 15.29, 0.33, 0.05, 0.0]
2019-10-24 10:20:12, [0.0, 0.0, 0.0, 77.2, 34.11, 15.21, 0.41, 0.0, 0.0]
2019-10-24 10:25:12, [0.0, 0.0, 0.0, 68.06, 29.55, 12.92, 0.23, 0.04, 0.0]
2019-10-24 10:30:13, [0.0, 0.0, 0.0, 61.48, 20.74, 5.78, 0.0, 0.0, 0.0]
2019-10-24 10:35:12, [0.0, 0.0, 0.0, 55.5, 19.4, 5.87, 0.01, 0.0, 0.0]
2019-10-24 10:40:12, [0.0, 0.0, 0.0, 54.1, 19.08, 5.91, 0.69, 0.08, 0.02]
2019-10-24 10:45:12, [0.0, 0.0, 0.0, 83.08, 32.96, 12.51, 0.16, 0.0, 0.0]
2019-10-24 10:50:12, [0.0, 0.24, 0.46, 439.67, 176.47, 66.94, 7.05, 0.0, 0.0]
2019-10-24 10:55:13, [0.0, 0.25, 0.37, 382.49, 169.74, 74.47, 14.48, 0.45, 0.0]
2019-10-24 11:00:12, [0.0, 0.0, 0.0, 315.45, 125.43, 46.93, 2.86, 0.02, 0.0]
2019-10-24 11:05:12, [0.02, 0.26, 0.44, 421.03, 169.88, 65.0, 3.6, 0.07, 0.0]
2019-10-24 11:10:12, [0.51, 1.85, 3.02, 617.08, 280.04, 126.14, 9.91, 0.19, 0.05]
2019-10-24 11:15:13, [0.0, 0.0, 0.0, 285.23, 108.3, 37.36, 1.11, 0.0, 0.0]
2019-10-24 11:20:12, [0.0, 0.0, 0.0, 146.98, 61.81, 25.43, 0.11, 0.0, 0.0]
2019-10-24 11:25:12, [0.0, 0.0, 0.0, 144.79, 58.18, 22.35, 0.28, 0.0, 0.0]
2019-10-24 11:30:13, [0.0, 0.0, 0.0, 113.35, 48.02, 20.1, 0.26, 0.0, 0.0]
2019-10-24 11:35:12, [0.0, 0.0, 0.0, 50.39, 17.2, 5.04, 0.06, 0.03, 0.0]
2019-10-24 11:40:12, [0.0, 0.0, 0.0, 62.39, 20.25, 4.98, 0.18, 0.0, 0.0]
2019-10-24 11:45:12, [0.0, 0.0, 0.0, 59.41, 21.66, 7.19, 0.08, 0.0, 0.0]
2019-10-24 11:50:12, [0.0, 0.0, 0.0, 86.88, 25.27, 3.91, 0.0, 0.0, 0.0]
2019-10-24 11:55:13, [0.86, 2.21, 3.33, 617.89, 274.73, 120.61, 8.22, 0.52, 0.0]
2019-10-24 12:00:12, [0.81, 3.15, 4.64, 780.09, 343.97, 149.32, 13.14, 1.46, 0.11]
2019-10-24 12:05:12, [0.0, 1.33, 2.07, 546.44, 225.67, 89.44, 10.67, 0.04, 0.0]
2019-10-24 12:10:12, [0.01, 0.88, 1.45, 544.43, 214.42, 78.69, 8.82, 0.0, 0.0]
2019-10-24 12:15:13, [0.0, 1.46, 2.4, 564.06, 230.42, 89.76, 10.73, 0.02, 0.0]
2019-10-24 12:20:12, [0.25, 1.61, 2.4, 614.18, 261.77, 108.6, 8.99, 0.06, 0.0]
2019-10-24 12:25:12, [0.0, 0.26, 0.52, 439.01, 181.23, 71.85, 6.16, 0.0, 0.0]
2019-10-24 12:30:12, [0.0, 0.0, 0.0, 219.86, 83.84, 29.27, 0.93, 0.0, 0.0]
2019-10-24 12:35:13, [0.0, 0.0, 0.0, 55.06, 18.79, 5.47, 0.0, 0.0, 0.0]
2019-10-24 12:40:12, [0.17, 0.84, 1.42, 470.33, 185.53, 68.36, 3.88, 0.23, 0.0]
2019-10-24 12:45:12, [0.0, 0.0, 0.0, 168.13, 72.71, 31.08, 1.44, 0.0, 0.0]
2019-10-24 12:50:13, [0.0, 0.0, 0.0, 71.36, 27.24, 9.73, 0.07, 0.01, 0.0]
2019-10-24 12:55:12, [0.0, 0.0, 0.0, 73.81, 28.3, 10.19, 0.0, 0.0, 0.0]
2019-10-24 13:00:12, [0.0, 0.0, 0.0, 88.02, 31.87, 10.2, 0.0, 0.0, 0.0]
2019-10-24 13:05:12, [0.0, 0.0, 0.0, 94.94, 34.88, 11.56, 0.38, 0.03, 0.0]
2019-10-24 13:10:13, [0.0, 0.0, 0.0, 117.92, 41.3, 12.23, 0.12, 0.0, 0.0]
2019-10-24 13:15:12, [0.0, 0.0, 0.0, 85.84, 35.41, 14.28, 0.1, 0.0, 0.01]
2019-10-24 13:20:12, [0.0, 0.0, 0.0, 116.35, 51.52, 22.81, 0.45, 0.0, 0.0]
2019-10-24 13:25:13, [0.0, 0.0, 0.0, 116.25, 46.69, 18.02, 0.1, 0.0, 0.0]
2019-10-24 13:30:12, [0.0, 0.0, 0.0, 98.01, 43.15, 19.0, 0.64, 0.0, 0.0]
2019-10-24 13:35:12, [0.0, 0.0, 0.0, 101.43, 39.41, 14.37, 0.16, 0.0, 0.0]
2019-10-24 13:40:12, [0.0, 0.0, 0.0, 95.1, 39.75, 16.36, 0.14, 0.0, 0.0]
2019-10-24 13:45:13, [0.0, 0.0, 0.0, 118.98, 45.36, 16.02, 0.62, 0.0, 0.0]
2019-10-24 13:50:12, [0.0, 0.0, 0.0, 110.19, 38.54, 11.33, 0.27, 0.0, 0.0]
2019-10-24 13:55:12, [0.0, 0.0, 0.0, 110.47, 42.88, 15.6, 0.06, 0.0, 0.0]
2019-10-24 14:00:13, [0.0, 0.0, 0.0, 86.91, 38.45, 17.12, 0.02, 0.0, 0.0]
2019-10-24 14:05:12, [0.0, 0.0, 0.0, 95.12, 38.11, 14.69, 0.3, 0.0, 0.0]
2019-10-24 14:10:12, [0.0, 0.0, 0.0, 88.59, 37.52, 15.77, 0.2, 0.0, 0.0]
2019-10-24 14:15:13, [0.0, 0.0, 0.0, 100.53, 33.32, 8.58, 0.03, 0.0, 0.0]
2019-10-24 14:20:12, [0.0, 0.0, 0.0, 94.95, 38.25, 14.92, 0.35, 0.01, 0.0]
2019-10-24 14:25:12, [0.0, 0.0, 0.0, 70.44, 29.51, 12.28, 0.05, 0.0, 0.0]
2019-10-24 14:30:12, [0.0, 0.0, 0.0, 71.17, 25.93, 8.47, 0.09, 0.0, 0.0]
2019-10-24 14:35:12, [0.0, 0.0, 0.0, 83.04, 35.25, 14.87, 0.02, 0.0, 0.0]
2019-10-24 14:40:13, [0.0, 0.0, 0.0, 60.37, 25.4, 10.69, 0.3, 0.31, 0.0]
2019-10-24 14:45:12, [0.0, 0.0, 0.0, 83.76, 30.59, 10.0, 0.12, 0.0, 0.0]
2019-10-24 14:50:12, [0.0, 0.0, 0.0, 67.39, 22.12, 5.7, 0.03, 0.03, 0.0]
2019-10-24 14:55:13, [0.0, 0.0, 0.0, 58.84, 20.5, 6.16, 0.23, 0.06, 0.0]
2019-10-24 15:00:12, [0.0, 0.0, 0.0, 45.74, 15.62, 4.52, 0.02, 0.0, 0.0]
2019-10-24 15:05:13, [0.0, 0.0, 0.0, 41.64, 13.34, 3.28, 0.13, 0.03, 0.0]
2019-10-24 15:10:12, [0.0, 0.0, 0.0, 67.5, 22.67, 6.13, 0.0, 0.0, 0.0]
2019-10-24 15:15:12, [0.0, 0.0, 0.0, 45.73, 14.9, 3.9, 0.05, 0.0, 0.0]
2019-10-24 15:20:13, [0.0, 0.0, 0.0, 62.08, 21.12, 6.03, 0.11, 0.0, 0.0]
2019-10-24 15:25:12, [0.0, 0.0, 0.0, 43.4, 14.36, 3.93, 0.23, 0.02, 0.0]
2019-10-24 15:30:12, [0.0, 0.0, 0.0, 78.29, 24.48, 5.29, 0.0, 0.0, 0.0]
2019-10-24 15:35:12, [0.0, 0.0, 0.0, 39.11, 14.83, 5.4, 0.05, 0.0, 0.03]
2019-10-24 15:40:12, [0.0, 0.0, 0.0, 42.65, 14.92, 4.59, 0.05, 0.0, 0.0]
2019-10-24 15:45:12, [0.0, 0.0, 0.0, 37.9, 11.27, 2.09, 0.0, 0.0, 0.0]
2019-10-24 15:50:12, [0.0, 0.0, 0.0, 63.29, 24.11, 8.66, 0.11, 0.01, 0.0]
2019-10-24 15:55:12, [0.0, 0.0, 0.0, 40.05, 13.75, 4.11, 0.19, 0.0, 0.0]
2019-10-24 16:00:13, [0.0, 0.0, 0.0, 46.88, 15.34, 3.97, 0.0, 0.0, 0.0]
2019-10-24 16:05:12, [0.0, 0.0, 0.0, 47.1, 15.51, 4.11, 0.03, 0.0, 0.0]
2019-10-24 16:10:12, [0.0, 0.0, 0.0, 49.86, 18.41, 6.34, 0.0, 0.0, 0.0]
2019-10-24 16:15:13, [0.0, 0.0, 0.0, 52.39, 16.61, 3.89, 0.03, 0.02, 0.0]
2019-10-24 16:20:12, [0.0, 0.0, 0.0, 51.34, 17.56, 5.13, 0.04, 0.0, 0.0]
2019-10-24 16:25:12, [0.0, 0.0, 0.0, 41.7, 13.62, 3.55, 0.0, 0.0, 0.0]
2019-10-24 16:30:12, [0.0, 0.0, 0.0, 67.91, 23.3, 6.69, 0.03, 0.0, 0.0]
2019-10-24 16:35:12, [0.0, 0.0, 0.0, 48.86, 16.34, 4.53, 0.15, 0.04, 0.0]
2019-10-24 16:40:13, [0.0, 0.0, 0.0, 58.03, 20.7, 6.54, 0.06, 0.0, 0.0]
2019-10-24 16:45:12, [0.0, 0.0, 0.0, 60.3, 18.66, 3.98, 0.02, 0.0, 0.0]
2019-10-24 16:50:12, [0.0, 0.0, 0.0, 65.61, 25.06, 9.08, 0.27, 0.09, 0.0]
2019-10-24 16:55:13, [0.0, 0.0, 0.0, 55.87, 18.48, 4.91, 0.02, 0.0, 0.0]
2019-10-24 17:00:12, [0.0, 0.0, 0.0, 50.98, 17.72, 5.34, 0.07, 0.0, 0.0]
2019-10-24 17:05:12, [0.0, 0.0, 0.0, 64.48, 27.28, 11.81, 0.01, 0.0, 0.0]
2019-10-24 17:10:12, [0.0, 0.0, 0.0, 47.09, 16.4, 5.01, 0.04, 0.0, 0.0]
2019-10-24 17:15:12, [0.0, 0.0, 0.0, 55.84, 19.9, 6.29, 0.09, 0.0, 0.0]
2019-10-24 17:20:13, [0.0, 0.0, 0.0, 58.17, 16.22, 2.04, 0.0, 0.0, 0.0]
2019-10-24 17:25:12, [0.0, 0.0, 0.0, 80.67, 26.07, 6.33, 0.22, 0.04, 0.02]
2019-10-24 17:30:12, [0.0, 0.0, 0.0, 55.99, 22.95, 9.35, 0.05, 0.0, 0.0]
2019-10-24 17:35:13, [0.0, 0.0, 0.0, 57.87, 20.03, 5.94, 0.08, 0.05, 0.0]
2019-10-24 17:40:12, [0.0, 0.0, 0.0, 53.87, 18.21, 5.15, 0.0, 0.0, 0.0]
2019-10-24 17:45:12, [0.0, 0.0, 0.0, 66.52, 26.99, 10.73, 0.0, 0.0, 0.0]
2019-10-24 17:50:13, [0.0, 0.0, 0.0, 61.63, 20.04, 5.04, 0.03, 0.0, 0.0]
2019-10-24 17:55:12, [0.0, 0.0, 0.0, 62.84, 21.55, 6.2, 0.04, 0.0, 0.0]
2019-10-24 18:00:12, [0.0, 0.0, 0.0, 67.03, 21.63, 5.3, 0.06, 0.02, 0.0]
2019-10-24 18:05:12, [0.0, 0.0, 0.0, 66.56, 28.7, 12.42, 0.71, 0.03, 0.0]
2019-10-24 18:10:12, [0.0, 0.0, 0.0, 57.49, 21.58, 7.52, 0.02, 0.0, 0.0]
2019-10-24 18:15:13, [0.0, 0.0, 0.0, 55.16, 17.14, 3.73, 0.0, 0.0, 0.0]
2019-10-24 18:20:12, [0.0, 0.0, 0.0, 60.9, 21.49, 6.62, 0.01, 0.0, 0.0]
2019-10-24 18:25:12, [0.0, 0.0, 0.0, 67.61, 22.53, 5.97, 0.02, 0.0, 0.0]
2019-10-24 18:30:12, [0.0, 0.0, 0.0, 58.38, 20.94, 6.69, 0.32, 0.01, 0.01]
2019-10-24 18:35:13, [0.0, 0.0, 0.0, 61.06, 21.64, 6.75, 0.0, 0.03, 0.0]
2019-10-24 18:40:12, [0.0, 0.0, 0.0, 64.99, 21.3, 5.45, 0.0, 0.0, 0.0]
2019-10-24 18:45:12, [0.0, 0.0, 0.0, 56.85, 18.56, 4.71, 0.13, 0.01, 0.0]
2019-10-24 18:50:13, [0.0, 0.0, 0.0, 65.03, 22.49, 6.69, 0.0, 0.0, 0.0]
2019-10-24 18:55:12, [0.0, 0.0, 0.0, 53.48, 17.14, 4.12, 0.0, 0.0, 0.0]
2019-10-24 19:00:12, [0.0, 0.0, 0.0, 65.26, 22.52, 6.58, 0.0, 0.0, 0.0]
2019-10-24 19:05:12, [0.0, 0.0, 0.0, 83.91, 34.2, 13.59, 0.26, 0.07, 0.0]
2019-10-24 19:10:13, [0.0, 0.0, 0.0, 48.15, 16.62, 4.98, 0.0, 0.0, 0.0]
2019-10-24 19:15:12, [0.0, 0.0, 0.0, 48.65, 15.58, 3.75, 0.01, 0.0, 0.0]
2019-10-24 19:20:12, [0.0, 0.0, 0.0, 42.45, 13.28, 3.04, 0.01, 0.0, 0.0]
2019-10-24 19:25:12, [0.0, 0.0, 0.0, 47.43, 14.02, 2.52, 0.01, 0.0, 0.0]
2019-10-24 19:30:13, [0.0, 0.0, 0.0, 57.51, 21.19, 7.21, 0.21, 0.12, 0.03]
2019-10-24 19:35:12, [0.0, 0.0, 0.0, 49.8, 16.09, 4.07, 0.06, 0.0, 0.0]
2019-10-24 19:40:12, [0.0, 0.0, 0.0, 49.63, 18.16, 6.09, 0.08, 0.01, 0.0]
2019-10-24 19:45:12, [0.0, 0.0, 0.0, 68.68, 24.06, 7.26, 0.0, 0.0, 0.0]
2019-10-24 19:50:12, [0.0, 0.0, 0.0, 51.72, 20.39, 7.82, 0.17, 0.0, 0.0]
2019-10-24 19:55:12, [0.0, 0.0, 0.0, 47.29, 16.38, 4.99, 0.12, 0.0, 0.0]
2019-10-24 20:00:12, [0.0, 0.0, 0.0, 49.05, 17.53, 5.61, 0.09, 0.0, 0.0]
2019-10-24 20:05:12, [0.0, 0.0, 0.0, 39.8, 13.98, 4.39, 0.0, 0.0, 0.0]
2019-10-24 20:10:12, [0.0, 0.0, 0.0, 74.84, 27.17, 8.81, 0.0, 0.0, 0.0]
2019-10-24 20:15:12, [0.0, 0.0, 0.0, 45.47, 14.1, 3.16, 0.0, 0.0, 0.0]
2019-10-24 20:20:12, [0.0, 0.0, 0.0, 49.97, 17.34, 5.23, 0.0, 0.0, 0.0]
2019-10-24 20:25:12, [0.0, 0.0, 0.0, 58.07, 22.45, 8.32, 0.18, 0.0, 0.0]
2019-10-24 20:30:13, [0.0, 0.0, 0.0, 49.83, 21.18, 9.02, 0.06, 0.0, 0.0]
2019-10-24 20:35:12, [0.0, 0.0, 0.0, 70.74, 23.46, 6.22, 0.33, 0.19, 0.04]
2019-10-24 20:40:12, [0.0, 0.0, 0.0, 52.28, 17.09, 4.44, 0.0, 0.0, 0.0]
2019-10-24 20:45:13, [0.0, 0.0, 0.0, 48.02, 18.15, 6.48, 0.0, 0.0, 0.0]
2019-10-24 20:50:12, [0.0, 0.0, 0.0, 46.98, 15.29, 3.87, 0.01, 0.0, 0.0]
2019-10-24 20:55:12, [0.0, 0.0, 0.0, 43.55, 12.05, 1.57, 0.0, 0.0, 0.0]
2019-10-24 21:00:12, [0.0, 0.0, 0.0, 47.67, 15.47, 3.87, 0.33, 0.0, 0.0]
2019-10-24 21:05:13, [0.0, 0.0, 0.0, 41.82, 14.72, 4.66, 0.03, 0.04, 0.0]
2019-10-24 21:10:12, [0.0, 0.0, 0.0, 65.04, 25.8, 9.89, 0.28, 0.04, 0.0]
2019-10-24 21:15:12, [0.0, 0.0, 0.0, 42.81, 15.98, 5.73, 0.0, 0.0, 0.0]
2019-10-24 21:20:13, [0.0, 0.0, 0.0, 46.39, 16.08, 4.9, 0.08, 0.2, 0.0]
2019-10-24 21:25:13, [0.0, 0.0, 0.0, 48.1, 16.1, 4.39, 0.11, 0.12, 0.0]
2019-10-24 21:30:12, [0.0, 0.0, 0.0, 57.32, 19.01, 5.06, 0.03, 0.0, 0.0]
2019-10-24 21:35:12, [0.0, 0.0, 0.0, 51.42, 16.09, 3.63, 0.03, 0.0, 0.0]
2019-10-24 21:40:13, [0.0, 0.0, 0.0, 42.91, 15.32, 4.89, 0.0, 0.0, 0.0]
2019-10-24 21:45:12, [0.0, 0.0, 0.0, 34.75, 9.27, 0.98, 0.0, 0.0, 0.0]
2019-10-24 21:50:12, [0.0, 0.0, 0.0, 43.16, 14.23, 3.81, 0.0, 0.0, 0.0]
2019-10-24 21:55:12, [0.0, 0.0, 0.0, 52.47, 18.36, 5.64, 0.0, 0.0, 0.0]
2019-10-24 22:00:13, [0.0, 0.0, 0.0, 56.15, 18.58, 4.83, 0.14, 0.0, 0.0]
2019-10-24 22:05:12, [0.0, 0.0, 0.0, 59.78, 18.59, 4.03, 0.05, 0.0, 0.0]
2019-10-24 22:10:12, [0.0, 0.0, 0.0, 51.52, 24.05, 12.75, 0.17, 0.0, 0.0]
2019-10-24 22:15:13, [0.0, 0.0, 0.0, 55.54, 17.57, 4.1, 0.01, 0.01, 0.0]
2019-10-24 22:20:13, [0.0, 0.0, 0.0, 48.56, 16.02, 4.31, 0.04, 0.0, 0.0]
2019-10-24 22:25:12, [0.0, 0.0, 0.0, 42.19, 12.03, 1.82, 0.0, 0.0, 0.0]
2019-10-24 22:30:12, [0.0, 0.0, 0.0, 30.04, 8.35, 1.21, 0.0, 0.0, 0.0]
2019-10-24 22:35:13, [0.0, 0.0, 0.0, 47.3, 14.78, 3.34, 0.0, 0.0, 0.0]
2019-10-24 22:40:13, [0.0, 0.0, 0.0, 62.1, 20.26, 5.12, 0.0, 0.0, 0.0]
2019-10-24 22:45:12, [0.0, 0.0, 0.0, 40.12, 14.96, 5.31, 0.08, 0.0, 0.0]
2019-10-24 22:50:12, [0.0, 0.0, 0.0, 53.84, 21.62, 8.52, 0.0, 0.0, 0.0]
2019-10-24 22:55:13, [0.0, 0.0, 0.0, 50.82, 15.37, 3.06, 0.31, 0.1, 0.07]
2019-10-24 23:00:12, [0.0, 0.0, 0.0, 56.65, 19.84, 6.03, 0.01, 0.0, 0.0]
2019-10-24 23:05:12, [0.0, 0.0, 0.0, 65.02, 25.99, 10.07, 0.07, 0.08, 0.0]
2019-10-24 23:10:12, [0.0, 0.0, 0.0, 53.88, 20.23, 7.07, 0.3, 0.21, 0.07]
2019-10-24 23:15:13, [0.0, 0.0, 0.0, 38.61, 14.2, 4.88, 0.15, 0.03, 0.02]
2019-10-24 23:20:12, [0.0, 0.0, 0.0, 30.7, 9.24, 1.92, 0.0, 0.0, 0.0]
2019-10-24 23:25:12, [0.0, 0.0, 0.0, 54.07, 15.13, 1.95, 0.0, 0.0, 0.0]
2019-10-24 23:30:13, [0.0, 0.0, 0.0, 58.05, 19.52, 5.38, 0.0, 0.0, 0.0]
2019-10-24 23:35:12, [0.0, 0.0, 0.0, 70.55, 29.45, 12.19, 0.17, 0.0, 0.0]
2019-10-24 23:40:13, [0.0, 0.0, 0.0, 61.81, 21.64, 6.53, 0.41, 0.1, 0.0]
2019-10-24 23:45:12, [0.0, 0.0, 0.0, 62.4, 20.74, 5.49, 0.0, 0.0, 0.0]
2019-10-24 23:50:12, [0.0, 0.0, 0.0, 58.4, 22.23, 8.01, 0.0, 0.0, 0.0]
2019-10-24 23:55:12, [0.0, 0.0, 0.0, 85.72, 32.56, 11.47, 0.08, 0.0, 0.0]
2019-10-25 00:00:12, [0.0, 0.0, 0.0, 40.29, 12.66, 2.93, 0.24, 0.0, 0.0]
2019-10-25 00:05:12, [0.0, 0.0, 0.0, 59.09, 21.55, 7.17, 0.26, 0.0, 0.0]
2019-10-25 00:10:12, [0.0, 0.0, 0.0, 59.42, 22.43, 7.93, 0.0, 0.0, 0.0]
2019-10-25 00:15:13, [0.0, 0.0, 0.0, 48.28, 17.7, 6.03, 0.05, 0.0, 0.0]
2019-10-25 00:20:12, [0.0, 0.0, 0.0, 55.42, 19.24, 5.72, 0.03, 0.0, 0.0]
2019-10-25 00:25:13, [0.0, 0.0, 0.0, 54.74, 17.97, 4.66, 0.02, 0.08, 0.01]
2019-10-25 00:30:12, [0.0, 0.0, 0.0, 69.3, 26.34, 9.38, 0.01, 0.01, 0.0]
2019-10-25 00:35:13, [0.0, 0.0, 0.0, 87.25, 38.11, 16.63, 0.18, 0.03, 0.0]
2019-10-25 00:40:12, [0.0, 0.0, 0.0, 65.0, 27.64, 11.72, 0.04, 0.0, 0.0]
2019-10-25 00:45:12, [0.0, 0.0, 0.0, 76.07, 29.18, 10.54, 0.13, 0.0, 0.0]
2019-10-25 00:50:12, [0.0, 0.0, 0.0, 74.51, 30.53, 12.29, 0.0, 0.0, 0.0]
2019-10-25 00:55:12, [0.0, 0.0, 0.0, 52.11, 20.12, 7.53, 0.01, 0.0, 0.0]
2019-10-25 01:00:12, [0.0, 0.0, 0.0, 78.93, 30.66, 11.29, 0.3, 0.07, 0.01]
2019-10-25 01:05:12, [0.0, 0.0, 0.0, 79.48, 31.43, 11.97, 0.18, 0.0, 0.0]
2019-10-25 01:10:12, [0.0, 0.0, 0.0, 62.58, 26.05, 10.79, 0.0, 0.0, 0.0]
2019-10-25 01:15:12, [0.0, 0.0, 0.0, 67.18, 24.43, 7.97, 0.05, 0.03, 0.0]
2019-10-25 01:20:13, [0.0, 0.0, 0.0, 56.67, 21.07, 7.28, 0.0, 0.0, 0.0]
2019-10-25 01:25:12, [0.0, 0.0, 0.0, 61.2, 21.92, 7.02, 0.02, 0.0, 0.0]
2019-10-25 01:30:13, [0.0, 0.0, 0.0, 42.86, 14.2, 3.83, 0.0, 0.0, 0.0]
2019-10-25 01:35:12, [0.0, 0.0, 0.0, 66.35, 25.88, 9.66, 0.24, 0.0, 0.0]
2019-10-25 01:40:13, [0.0, 0.0, 0.0, 73.54, 28.67, 10.68, 0.32, 0.09, 0.0]
2019-10-25 01:45:12, [0.0, 0.0, 0.0, 59.73, 27.69, 13.11, 0.0, 0.0, 0.0]
2019-10-25 01:50:13, [0.0, 0.0, 0.0, 69.11, 27.3, 10.38, 0.12, 0.0, 0.0]
2019-10-25 01:55:12, [0.0, 0.0, 0.0, 71.12, 24.06, 6.65, 0.04, 0.0, 0.0]
2019-10-25 02:00:13, [0.0, 0.0, 0.0, 79.44, 27.84, 8.34, 0.03, 0.0, 0.0]
2019-10-25 02:05:12, [0.0, 0.0, 0.0, 66.47, 27.59, 11.35, 0.11, 0.0, 0.02]
2019-10-25 02:10:13, [0.0, 0.0, 0.0, 55.78, 18.26, 4.66, 0.07, 0.0, 0.0]
2019-10-25 02:15:12, [0.0, 0.0, 0.0, 65.43, 22.77, 6.77, 0.02, 0.0, 0.0]
2019-10-25 02:20:12, [0.0, 0.0, 0.0, 68.51, 24.68, 7.94, 0.0, 0.1, 0.0]
2019-10-25 02:25:12, [0.0, 0.0, 0.0, 75.26, 26.77, 8.31, 0.0, 0.01, 0.0]
2019-10-25 02:30:12, [0.0, 0.0, 0.0, 95.7, 41.32, 17.81, 0.31, 0.0, 0.0]
2019-10-25 02:35:12, [0.0, 0.0, 0.0, 68.98, 29.58, 12.73, 0.09, 0.0, 0.0]
2019-10-25 02:40:12, [0.0, 0.0, 0.0, 63.81, 26.93, 11.33, 0.34, 0.0, 0.0]
2019-10-25 02:45:12, [0.0, 0.0, 0.0, 65.68, 30.52, 14.48, 0.04, 0.0, 0.0]
2019-10-25 02:50:12, [0.0, 0.0, 0.0, 70.64, 28.07, 10.78, 0.41, 0.0, 0.0]
2019-10-25 02:55:12, [0.0, 0.0, 0.0, 86.25, 31.35, 10.15, 0.33, 0.03, 0.0]
2019-10-25 03:00:12, [0.0, 0.0, 0.0, 59.66, 23.08, 8.56, 0.13, 0.0, 0.0]
2019-10-25 03:05:13, [0.0, 0.0, 0.0, 58.62, 22.19, 7.88, 0.12, 0.0, 0.0]
2019-10-25 03:10:12, [0.0, 0.0, 0.0, 56.43, 17.75, 4.0, 0.31, 0.0, 0.0]
2019-10-25 03:15:13, [0.0, 0.0, 0.0, 73.52, 29.64, 11.6, 0.0, 0.0, 0.02]
2019-10-25 03:20:12, [0.0, 0.0, 0.0, 46.52, 16.06, 4.83, 0.04, 0.03, 0.0]
2019-10-25 03:25:13, [0.0, 0.0, 0.0, 79.75, 38.88, 19.42, 0.05, 0.0, 0.0]
2019-10-25 03:30:12, [0.0, 0.0, 0.0, 66.94, 22.0, 5.64, 0.0, 0.0, 0.0]
2019-10-25 03:35:13, [0.0, 0.0, 0.0, 59.49, 23.62, 9.12, 0.06, 0.04, 0.02]
2019-10-25 03:40:12, [0.0, 0.0, 0.0, 71.28, 33.46, 16.01, 0.63, 0.01, 0.0]
2019-10-25 03:45:13, [0.0, 0.0, 0.0, 70.37, 26.52, 9.29, 0.07, 0.0, 0.0]
2019-10-25 03:50:12, [0.0, 0.0, 0.0, 94.28, 37.56, 14.34, 0.19, 0.0, 0.0]
2019-10-25 03:55:13, [0.0, 0.0, 0.0, 88.03, 34.31, 12.66, 0.0, 0.0, 0.0]
2019-10-25 04:00:12, [0.0, 0.0, 0.0, 72.92, 32.02, 14.23, 0.24, 0.02, 0.01]
2019-10-25 04:05:13, [0.0, 0.0, 0.0, 93.23, 33.48, 10.55, 0.43, 0.0, 0.03]
2019-10-25 04:10:12, [0.0, 0.0, 0.0, 66.11, 29.13, 12.95, 0.33, 0.08, 0.0]
2019-10-25 04:15:13, [0.0, 0.0, 0.0, 62.72, 30.18, 14.9, 0.68, 0.0, 0.0]
2019-10-25 04:20:12, [0.0, 0.0, 0.0, 74.45, 27.63, 9.38, 0.34, 0.03, 0.0]
2019-10-25 04:25:13, [0.0, 0.0, 0.0, 74.48, 38.07, 19.77, 0.44, 0.0, 0.0]
2019-10-25 04:30:12, [0.0, 0.0, 0.0, 64.03, 27.01, 11.39, 0.08, 0.0, 0.0]
2019-10-25 04:35:13, [0.0, 0.0, 0.0, 101.89, 44.51, 19.43, 0.56, 0.0, 0.0]
2019-10-25 04:40:12, [0.0, 0.0, 0.0, 79.84, 33.29, 13.71, 0.56, 0.34, 0.03]
2019-10-25 04:45:13, [0.0, 0.0, 0.0, 70.69, 31.32, 13.99, 0.4, 0.08, 0.0]
2019-10-25 04:50:12, [0.0, 0.0, 0.0, 87.11, 41.15, 19.78, 0.12, 0.0, 0.0]
2019-10-25 04:55:12, [0.0, 0.0, 0.0, 79.26, 31.48, 12.08, 0.0, 0.07, 0.0]
2019-10-25 05:00:12, [0.0, 0.0, 0.0, 75.73, 26.49, 7.96, 0.04, 0.0, 0.0]
2019-10-25 05:05:12, [0.0, 0.0, 0.0, 68.04, 24.57, 7.92, 0.28, 0.0, 0.0]
2019-10-25 05:10:12, [0.0, 0.0, 0.0, 69.73, 27.46, 10.44, 0.19, 0.0, 0.0]
2019-10-25 05:15:12, [0.0, 0.0, 0.0, 63.19, 22.2, 6.77, 0.42, 0.02, 0.0]
2019-10-25 05:20:12, [0.0, 0.0, 0.0, 62.21, 24.45, 9.21, 0.08, 0.0, 0.0]
2019-10-25 05:25:12, [0.0, 0.0, 0.0, 86.67, 32.0, 10.76, 0.13, 0.0, 0.0]
2019-10-25 05:30:13, [0.0, 0.0, 0.0, 91.36, 39.12, 16.66, 0.65, 0.18, 0.03]
2019-10-25 05:35:12, [0.0, 0.0, 0.0, 74.23, 27.84, 9.71, 0.06, 0.0, 0.0]
2019-10-25 05:40:13, [0.0, 0.0, 0.0, 64.31, 25.38, 9.73, 0.19, 0.04, 0.02]
2019-10-25 05:45:12, [0.0, 0.0, 0.0, 92.28, 32.87, 10.16, 0.34, 0.02, 0.0]
2019-10-25 05:50:13, [0.0, 0.0, 0.0, 80.08, 37.69, 18.06, 0.29, 0.0, 0.0]
2019-10-25 05:55:12, [0.0, 0.0, 0.0, 85.01, 32.8, 11.94, 0.02, 0.0, 0.0]
2019-10-25 06:00:13, [0.05, 0.18, 0.3, 151.5, 64.15, 26.61, 1.58, 0.21, 0.05]
2019-10-25 06:05:12, [0.15, 0.69, 1.06, 302.36, 119.28, 44.04, 0.94, 0.0, 0.0]
2019-10-25 06:10:12, [0.0, 0.0, 0.0, 149.58, 52.49, 15.44, 0.27, 0.04, 0.0]
2019-10-25 06:15:12, [0.0, 0.0, 0.0, 86.44, 36.74, 15.5, 0.03, 0.03, 0.01]
2019-10-25 06:20:12, [0.0, 0.0, 0.0, 109.0, 48.88, 21.97, 0.3, 0.0, 0.0]
2019-10-25 06:25:13, [0.0, 0.0, 0.0, 73.58, 25.61, 7.64, 0.09, 0.07, 0.0]
2019-10-25 06:30:12, [0.0, 0.0, 0.0, 73.08, 28.53, 10.57, 0.04, 0.0, 0.0]
2019-10-25 06:35:13, [0.0, 0.0, 0.0, 89.0, 34.32, 12.46, 0.41, 0.04, 0.0]
2019-10-25 06:40:12, [0.0, 0.0, 0.0, 78.85, 30.65, 11.32, 0.07, 0.0, 0.0]
2019-10-25 06:45:12, [0.0, 0.0, 0.0, 86.12, 37.06, 15.87, 0.08, 0.0, 0.0]
2019-10-25 06:50:12, [0.0, 0.0, 0.0, 97.88, 40.36, 16.29, 0.03, 0.0, 0.0]
2019-10-25 06:55:12, [0.0, 0.0, 0.0, 116.98, 46.8, 17.94, 0.08, 0.06, 0.0]
2019-10-25 07:00:12, [0.0, 0.0, 0.0, 132.65, 54.85, 22.05, 0.95, 0.03, 0.04]
2019-10-25 07:05:12, [0.0, 0.0, 0.0, 87.23, 34.39, 12.97, 0.11, 0.06, 0.01]
2019-10-25 07:10:13, [0.0, 0.0, 0.0, 73.71, 27.09, 9.05, 0.08, 0.0, 0.0]
2019-10-25 07:15:12, [0.0, 0.0, 0.0, 105.72, 38.2, 12.12, 0.66, 0.19, 0.12]
2019-10-25 07:20:13, [0.0, 0.0, 0.0, 86.18, 31.99, 10.84, 0.15, 0.0, 0.0]
2019-10-25 07:25:12, [0.0, 0.0, 0.0, 96.6, 42.02, 18.26, 0.43, 0.01, 0.0]
2019-10-25 07:30:13, [0.0, 0.0, 0.0, 89.74, 33.22, 11.1, 0.24, 0.04, 0.03]
2019-10-25 07:35:12, [0.0, 0.0, 0.0, 84.62, 31.61, 10.82, 0.0, 0.0, 0.0]
2019-10-25 07:40:13, [0.0, 0.0, 0.0, 82.44, 31.57, 11.33, 0.15, 0.0, 0.0]
2019-10-25 07:45:12, [0.0, 0.0, 0.0, 97.14, 34.31, 10.4, 0.03, 0.0, 0.04]
2019-10-25 07:50:13, [0.0, 0.0, 0.0, 100.34, 40.66, 15.91, 0.12, 0.0, 0.0]
2019-10-25 07:55:12, [0.0, 0.0, 0.0, 81.82, 33.74, 13.63, 0.24, 0.0, 0.0]
2019-10-25 08:00:12, [0.0, 0.0, 0.0, 78.46, 30.3, 11.06, 0.01, 0.0, 0.0]
2019-10-25 08:05:12, [0.0, 0.0, 0.0, 66.15, 28.51, 12.36, 0.04, 0.0, 0.0]
2019-10-25 08:10:12, [0.0, 0.0, 0.0, 103.09, 53.25, 27.88, 1.55, 0.0, 0.0]
2019-10-25 08:15:12, [0.0, 0.0, 0.0, 70.97, 29.59, 12.21, 0.35, 0.07, 0.0]
2019-10-25 08:20:12, [0.0, 0.0, 0.0, 78.54, 33.82, 14.54, 0.06, 0.0, 0.0]
2019-10-25 08:25:13, [0.0, 0.0, 0.0, 123.84, 48.24, 17.64, 0.31, 0.08, 0.0]
2019-10-25 08:30:12, [0.0, 0.0, 0.0, 109.07, 38.15, 11.29, 0.08, 0.0, 0.0]
2019-10-25 08:35:13, [0.0, 0.0, 0.0, 99.91, 32.77, 8.13, 0.25, 0.06, 0.0]
2019-10-25 08:40:12, [0.0, 0.0, 0.0, 96.97, 36.5, 12.62, 0.14, 0.0, 0.0]
2019-10-25 08:45:13, [0.0, 0.0, 0.0, 89.7, 33.9, 11.82, 0.25, 0.0, 0.0]
2019-10-25 08:50:12, [0.0, 0.0, 0.0, 83.58, 30.63, 10.14, 0.16, 0.07, 0.0]
2019-10-25 08:55:13, [0.0, 0.0, 0.0, 87.4, 33.42, 11.92, 0.23, 0.01, 0.0]
2019-10-25 09:00:12, [0.0, 0.0, 0.0, 108.17, 50.4, 23.74, 0.47, 0.0, 0.0]
2019-10-25 09:05:12, [0.0, 0.0, 0.0, 80.77, 32.35, 12.49, 0.21, 0.0, 0.0]
2019-10-25 09:10:12, [0.0, 0.0, 0.0, 88.64, 33.81, 12.02, 0.54, 0.0, 0.0]
2019-10-25 09:15:12, [0.0, 0.0, 0.0, 74.87, 33.35, 14.95, 0.6, 0.04, 0.0]
2019-10-25 09:20:12, [0.0, 0.0, 0.0, 70.06, 26.12, 9.01, 0.15, 0.0, 0.0]
2019-10-25 09:25:12, [0.0, 0.0, 0.0, 69.73, 26.62, 9.57, 0.0, 0.0, 0.0]
2019-10-25 09:30:13, [0.0, 0.0, 0.0, 71.29, 24.8, 7.37, 0.34, 0.09, 0.07]
2019-10-25 09:35:12, [0.0, 0.0, 0.0, 51.25, 24.14, 11.68, 0.18, 0.0, 0.0]
2019-10-25 09:40:13, [0.0, 0.0, 0.0, 67.43, 22.78, 6.32, 0.01, 0.0, 0.0]
2019-10-25 09:45:12, [0.0, 0.0, 0.0, 97.54, 37.78, 13.77, 0.67, 0.0, 0.0]
2019-10-25 09:50:12, [0.0, 0.0, 0.0, 65.64, 21.15, 5.12, 0.08, 0.0, 0.0]
2019-10-25 09:55:12, [0.0, 0.0, 0.0, 55.96, 19.81, 6.2, 0.05, 0.03, 0.0]
2019-10-25 10:00:12, [0.0, 0.0, 0.0, 69.35, 28.92, 12.0, 0.39, 0.0, 0.0]
2019-10-25 10:05:12, [0.0, 0.0, 0.0, 67.05, 27.61, 11.26, 0.14, 0.06, 0.0]
2019-10-25 10:10:12, [0.0, 0.0, 0.0, 51.04, 18.55, 6.23, 0.28, 0.0, 0.0]
2019-10-25 10:15:13, [0.0, 0.0, 0.0, 53.88, 17.42, 4.35, 0.14, 0.0, 0.0]
2019-10-25 10:20:12, [0.0, 0.0, 0.0, 55.67, 18.06, 4.48, 0.15, 0.0, 0.0]
2019-10-25 10:25:13, [0.0, 0.0, 0.0, 69.0, 24.97, 8.09, 0.2, 0.0, 0.0]
2019-10-25 10:30:12, [0.0, 0.0, 0.0, 76.18, 30.85, 12.14, 0.16, 0.07, 0.0]
2019-10-25 10:35:13, [0.0, 0.0, 0.0, 74.56, 31.99, 13.76, 0.13, 0.0, 0.0]
2019-10-25 10:40:12, [0.0, 0.0, 0.0, 60.06, 23.19, 8.55, 0.09, 0.01, 0.0]
2019-10-25 10:45:13, [0.0, 0.0, 0.0, 69.83, 32.7, 15.57, 0.2, 0.21, 0.0]
2019-10-25 10:50:12, [0.0, 0.0, 0.0, 78.49, 30.57, 11.36, 0.06, 0.0, 0.0]
2019-10-25 10:55:12, [0.0, 0.0, 0.0, 47.1, 15.13, 3.75, 0.13, 0.0, 0.0]
2019-10-25 11:00:12, [0.0, 0.0, 0.0, 75.56, 26.15, 7.65, 0.32, 0.0, 0.0]
2019-10-25 11:05:12, [0.0, 0.0, 0.0, 52.26, 15.55, 2.9, 0.0, 0.0, 0.0]
2019-10-25 11:10:13, [0.0, 0.0, 0.0, 64.22, 21.65, 5.96, 0.0, 0.0, 0.0]
2019-10-25 11:15:12, [0.0, 0.0, 0.0, 71.8, 26.55, 9.04, 0.04, 0.0, 0.0]
2019-10-25 11:20:13, [0.0, 0.0, 0.0, 53.45, 19.08, 6.18, 0.27, 0.04, 0.02]
2019-10-25 11:25:12, [0.0, 0.0, 0.0, 71.65, 28.21, 10.71, 0.07, 0.05, 0.0]
2019-10-25 11:30:12, [0.0, 0.0, 0.0, 68.47, 23.42, 6.67, 0.0, 0.0, 0.0]
2019-10-25 11:35:13, [0.0, 0.0, 0.0, 45.18, 15.31, 4.36, 0.21, 0.0, 0.0]
2019-10-25 11:40:12, [0.0, 0.0, 0.0, 46.11, 14.91, 3.71, 0.22, 0.0, 0.0]
2019-10-25 11:45:13, [0.0, 0.0, 0.0, 74.91, 27.38, 9.03, 0.18, 0.0, 0.0]
2019-10-25 11:50:12, [0.0, 0.0, 0.0, 63.06, 22.25, 6.82, 0.04, 0.0, 0.0]
2019-10-25 11:55:12, [0.0, 0.0, 0.0, 75.81, 26.67, 8.15, 0.0, 0.0, 0.0]
2019-10-25 12:00:12, [0.0, 0.0, 0.0, 62.88, 23.73, 8.41, 0.09, 0.01, 0.0]
2019-10-25 12:05:12, [0.0, 0.0, 0.0, 65.01, 23.49, 7.62, 0.0, 0.0, 0.0]
2019-10-25 12:10:13, [0.0, 0.0, 0.0, 84.17, 33.79, 13.14, 0.0, 0.0, 0.0]
2019-10-25 12:15:12, [0.0, 0.0, 0.0, 63.23, 21.99, 6.57, 0.0, 0.0, 0.0]
2019-10-25 12:20:13, [0.0, 0.0, 0.0, 47.98, 13.41, 1.77, 0.0, 0.0, 0.0]
2019-10-25 12:25:12, [0.0, 0.0, 0.0, 61.46, 20.52, 5.43, 0.35, 0.02, 0.0]
2019-10-25 12:30:12, [0.0, 0.0, 0.0, 73.65, 26.23, 8.15, 0.05, 0.0, 0.0]
2019-10-25 12:35:13, [0.0, 0.0, 0.0, 43.07, 17.33, 6.91, 0.22, 0.0, 0.0]
2019-10-25 12:40:12, [0.0, 0.0, 0.0, 55.1, 21.23, 7.83, 0.07, 0.0, 0.0]
2019-10-25 12:45:13, [0.0, 0.0, 0.0, 67.91, 27.72, 11.15, 0.09, 0.0, 0.0]
2019-10-25 12:50:12, [0.0, 0.0, 0.0, 58.42, 20.74, 6.5, 0.16, 0.0, 0.0]
2019-10-25 12:55:12, [0.0, 0.0, 0.0, 52.92, 18.68, 5.79, 0.0, 0.02, 0.01]
2019-10-25 13:00:12, [0.0, 0.0, 0.0, 69.34, 24.51, 7.56, 0.46, 0.0, 0.0]
2019-10-25 13:05:12, [0.0, 0.0, 0.0, 63.43, 21.5, 6.01, 0.03, 0.0, 0.0]
2019-10-25 13:10:12, [0.0, 0.0, 0.0, 54.56, 19.98, 6.68, 0.27, 0.0, 0.0]
2019-10-25 13:15:12, [0.0, 0.0, 0.0, 37.77, 11.35, 2.28, 0.01, 0.0, 0.0]
2019-10-25 13:20:13, [0.0, 0.0, 0.0, 41.34, 13.74, 3.78, 0.0, 0.0, 0.0]
2019-10-25 13:25:12, [0.0, 0.0, 0.0, 64.71, 28.27, 12.45, 0.26, 0.0, 0.0]
2019-10-25 13:30:13, [0.0, 0.0, 0.0, 64.91, 20.95, 5.11, 0.14, 0.0, 0.0]
2019-10-25 13:35:12, [0.0, 0.0, 0.0, 47.99, 15.81, 4.16, 0.06, 0.0, 0.0]
2019-10-25 13:40:12, [0.0, 0.0, 0.0, 54.01, 18.36, 5.18, 0.32, 0.07, 0.0]
2019-10-25 13:45:13, [0.0, 0.0, 0.0, 42.33, 14.2, 3.99, 0.0, 0.0, 0.0]
2019-10-25 13:50:12, [0.0, 0.0, 0.0, 51.08, 17.23, 4.84, 0.0, 0.0, 0.0]
2019-10-25 13:55:12, [0.0, 0.0, 0.0, 42.94, 19.78, 9.31, 0.01, 0.0, 0.0]
2019-10-25 14:00:12, [0.0, 0.0, 0.0, 67.23, 23.96, 7.52, 0.01, 0.0, 0.0]
2019-10-25 14:05:12, [0.0, 0.0, 0.0, 40.79, 12.38, 2.6, 0.0, 0.0, 0.0]
2019-10-25 14:10:13, [0.0, 0.0, 0.0, 46.29, 15.91, 4.73, 0.0, 0.0, 0.0]
2019-10-25 14:15:12, [0.0, 0.0, 0.0, 46.18, 16.12, 4.85, 0.33, 0.0, 0.0]
2019-10-25 14:20:13, [0.0, 0.0, 0.0, 57.44, 19.86, 5.86, 0.02, 0.0, 0.0]
2019-10-25 14:25:12, [0.0, 0.0, 0.0, 67.84, 24.75, 8.23, 0.07, 0.07, 0.04]
2019-10-25 14:30:12, [0.0, 0.0, 0.0, 103.49, 44.19, 18.69, 0.57, 0.0, 0.0]
2019-10-25 14:35:13, [0.0, 0.0, 0.0, 155.43, 65.27, 26.81, 0.51, 0.0, 0.0]
2019-10-25 14:40:12, [0.0, 0.0, 0.0, 111.94, 44.15, 16.54, 0.02, 0.0, 0.0]
2019-10-25 14:45:12, [0.0, 0.0, 0.0, 114.98, 45.55, 17.16, 0.28, 0.08, 0.0]
2019-10-25 14:50:13, [0.0, 0.0, 0.0, 112.52, 51.0, 23.27, 0.19, 0.0, 0.0]
2019-10-25 14:55:12, [0.0, 0.0, 0.0, 82.1, 34.26, 14.09, 0.13, 0.03, 0.0]
2019-10-25 15:00:12, [0.0, 0.0, 0.0, 119.1, 48.25, 18.81, 0.09, 0.0, 0.0]
2019-10-25 15:05:12, [0.0, 0.0, 0.0, 100.26, 40.31, 15.64, 0.07, 0.0, 0.0]
2019-10-25 15:10:13, [0.0, 0.0, 0.0, 93.23, 31.67, 8.75, 0.0, 0.0, 0.0]
2019-10-25 15:15:12, [0.0, 0.0, 0.0, 83.66, 34.38, 13.81, 0.19, 0.0, 0.0]
2019-10-25 15:20:12, [0.0, 0.0, 0.0, 81.44, 31.01, 11.07, 0.24, 0.0, 0.0]
2019-10-25 15:25:12, [0.0, 0.0, 0.0, 107.27, 41.34, 14.92, 0.68, 0.04, 0.0]
2019-10-25 15:30:13, [0.0, 0.0, 0.0, 96.43, 38.45, 14.72, 0.53, 0.0, 0.0]
2019-10-25 15:35:12, [0.0, 0.0, 0.0, 120.0, 46.64, 17.04, 0.12, 0.0, 0.0]
2019-10-25 15:40:12, [0.0, 0.0, 0.0, 99.11, 34.15, 9.79, 0.24, 0.0, 0.0]
2019-10-25 15:45:12, [0.0, 0.0, 0.0, 105.69, 39.47, 13.45, 0.35, 0.0, 0.0]
2019-10-25 15:50:13, [0.0, 0.0, 0.0, 147.18, 58.4, 21.96, 0.52, 0.0, 0.0]
2019-10-25 15:55:12, [0.0, 0.0, 0.0, 129.01, 53.52, 21.64, 0.24, 0.0, 0.0]
2019-10-25 16:00:12, [0.0, 0.0, 0.0, 126.92, 48.49, 17.1, 0.49, 0.0, 0.0]
2019-10-25 16:05:12, [0.0, 0.0, 0.0, 118.92, 47.47, 18.12, 0.07, 0.0, 0.01]
2019-10-25 16:10:13, [0.0, 0.0, 0.0, 110.92, 44.13, 16.81, 0.57, 0.0, 0.0]
2019-10-25 16:15:12, [0.0, 0.0, 0.0, 111.14, 48.8, 21.46, 0.56, 0.0, 0.0]
2019-10-25 16:20:12, [0.0, 0.0, 0.0, 125.0, 48.81, 17.96, 0.42, 0.21, 0.0]
2019-10-25 16:25:12, [0.0, 0.0, 0.0, 124.73, 49.77, 18.97, 0.01, 0.0, 0.0]
2019-10-25 16:30:13, [0.0, 0.0, 0.0, 135.49, 52.83, 19.31, 0.08, 0.0, 0.0]
2019-10-25 16:35:12, [0.0, 0.0, 0.0, 126.85, 49.04, 17.71, 0.49, 0.02, 0.01]
2019-10-25 16:40:12, [0.0, 0.0, 0.0, 159.26, 67.52, 28.07, 1.05, 0.04, 0.0]
2019-10-25 16:45:12, [0.0, 0.0, 0.0, 171.24, 73.44, 30.96, 0.83, 0.04, 0.0]
2019-10-25 16:50:13, [0.0, 0.0, 0.0, 150.27, 64.88, 27.73, 0.56, 0.0, 0.0]
2019-10-25 16:55:13, [0.0, 0.0, 0.0, 124.44, 46.54, 15.86, 0.27, 0.0, 0.0]
2019-10-25 17:00:12, [0.0, 0.0, 0.0, 137.74, 54.95, 20.9, 0.45, 0.01, 0.0]
2019-10-25 17:05:12, [0.0, 0.0, 0.0, 122.39, 47.34, 17.12, 1.04, 0.0, 0.0]
2019-10-25 17:10:12, [0.0, 0.0, 0.0, 114.59, 47.19, 18.95, 0.5, 0.0, 0.0]
2019-10-25 17:15:13, [0.0, 0.0, 0.0, 94.55, 39.13, 15.89, 0.24, 0.1, 0.04]
2019-10-25 17:20:12, [0.0, 0.0, 0.0, 72.96, 24.88, 7.01, 0.0, 0.0, 0.0]
2019-10-25 17:25:12, [0.0, 0.0, 0.0, 106.1, 44.6, 18.43, 0.21, 0.04, 0.03]
2019-10-25 17:30:12, [0.0, 0.0, 0.0, 109.78, 46.35, 19.27, 0.26, 0.0, 0.0]
2019-10-25 17:35:12, [0.0, 0.0, 0.0, 105.92, 40.06, 13.99, 0.24, 0.08, 0.01]
2019-10-25 17:40:13, [0.0, 0.0, 0.0, 141.06, 60.66, 25.78, 0.57, 0.19, 0.0]
2019-10-25 17:45:12, [0.0, 0.0, 0.0, 138.42, 55.69, 21.46, 0.29, 0.04, 0.0]
2019-10-25 17:50:12, [0.0, 0.0, 0.0, 145.94, 55.33, 19.2, 0.26, 0.07, 0.0]
2019-10-25 17:55:12, [0.0, 0.0, 0.0, 146.36, 51.13, 14.89, 0.0, 0.0, 0.0]
2019-10-25 18:00:12, [0.0, 0.0, 0.0, 129.79, 46.47, 14.41, 0.03, 0.05, 0.0]
2019-10-25 18:05:13, [0.0, 0.0, 0.0, 136.86, 55.66, 21.79, 0.6, 0.0, 0.0]
2019-10-25 18:10:12, [0.0, 0.0, 0.0, 175.58, 67.42, 23.92, 0.49, 0.0, 0.0]
2019-10-25 18:15:12, [0.0, 0.0, 0.0, 136.78, 55.16, 21.33, 0.64, 0.0, 0.0]
2019-10-25 18:20:12, [0.0, 0.0, 0.0, 157.31, 70.07, 31.09, 0.54, 0.0, 0.0]
2019-10-25 18:25:13, [0.0, 0.0, 0.0, 123.07, 51.59, 21.2, 0.92, 0.05, 0.0]
2019-10-25 18:30:13, [0.0, 0.0, 0.0, 151.23, 57.65, 20.2, 0.16, 0.03, 0.0]
2019-10-25 18:35:12, [0.0, 0.0, 0.0, 139.24, 54.72, 20.29, 0.5, 0.04, 0.02]
2019-10-25 18:40:12, [0.0, 0.0, 0.0, 149.58, 65.25, 28.24, 0.17, 0.0, 0.0]
2019-10-25 18:45:12, [0.0, 0.0, 0.0, 180.9, 66.61, 21.76, 0.67, 0.05, 0.0]
2019-10-25 18:50:13, [0.0, 0.0, 0.0, 161.82, 68.95, 28.85, 1.07, 0.07, 0.0]
2019-10-25 18:55:13, [0.0, 0.0, 0.0, 207.74, 81.83, 30.29, 1.58, 0.0, 0.0]
2019-10-25 19:00:12, [0.0, 0.0, 0.0, 212.74, 82.88, 30.05, 1.26, 0.03, 0.0]
2019-10-25 19:05:12, [0.0, 0.0, 0.0, 130.44, 51.95, 19.68, 0.57, 0.04, 0.0]
2019-10-25 19:10:12, [0.0, 0.0, 0.0, 158.63, 67.3, 28.03, 0.79, 0.04, 0.0]
2019-10-25 19:15:12, [0.0, 0.0, 0.0, 182.64, 77.98, 32.69, 0.99, 0.16, 0.03]
2019-10-25 19:20:13, [0.0, 0.0, 0.0, 153.09, 57.7, 19.81, 0.32, 0.0, 0.0]
2019-10-25 19:25:13, [0.0, 0.0, 0.0, 125.6, 50.37, 19.32, 0.22, 0.0, 0.0]
2019-10-25 19:30:12, [0.0, 0.0, 0.0, 157.43, 74.88, 35.92, 0.8, 0.0, 0.0]
2019-10-25 19:35:12, [0.0, 0.0, 0.0, 157.29, 65.1, 26.12, 2.61, 0.05, 0.0]
2019-10-25 19:40:12, [0.0, 0.0, 0.0, 162.05, 66.43, 26.27, 1.08, 0.0, 0.0]
2019-10-25 19:45:12, [0.0, 0.0, 0.0, 146.39, 69.57, 33.32, 0.22, 0.0, 0.0]
2019-10-25 19:50:13, [0.0, 0.0, 0.0, 146.26, 54.03, 17.84, 0.15, 0.0, 0.0]
2019-10-25 19:55:13, [0.0, 0.0, 0.0, 170.38, 72.98, 30.78, 0.66, 0.0, 0.0]
2019-10-25 20:00:12, [0.0, 0.0, 0.0, 167.61, 63.12, 21.57, 0.75, 0.0, 0.0]
2019-10-25 20:05:12, [0.0, 0.0, 0.0, 144.73, 66.96, 31.14, 1.0, 0.13, 0.0]
2019-10-25 20:10:12, [0.0, 0.0, 0.0, 171.13, 68.8, 26.41, 0.74, 0.0, 0.0]
2019-10-25 20:15:12, [0.0, 0.0, 0.0, 177.37, 62.18, 18.19, 0.13, 0.03, 0.0]
2019-10-25 20:20:12, [0.0, 0.0, 0.0, 123.65, 47.08, 16.55, 0.59, 0.0, 0.0]
2019-10-25 20:25:13, [0.0, 0.0, 0.0, 121.24, 46.72, 16.81, 0.54, 0.02, 0.0]
2019-10-25 20:30:13, [0.0, 0.0, 0.0, 134.82, 51.2, 17.87, 0.3, 0.0, 0.0]
2019-10-25 20:35:12, [0.0, 0.0, 0.0, 145.01, 59.33, 23.47, 0.76, 0.0, 0.0]
2019-10-25 20:40:12, [0.0, 0.0, 0.0, 161.14, 64.36, 24.47, 0.67, 0.0, 0.0]
2019-10-25 20:45:12, [0.0, 0.0, 0.0, 174.87, 71.58, 28.21, 1.7, 0.01, 0.0]
2019-10-25 20:50:12, [0.0, 0.0, 0.0, 118.08, 47.24, 18.08, 0.19, 0.01, 0.0]
2019-10-25 20:55:13, [0.0, 0.0, 0.0, 144.76, 59.97, 24.15, 0.12, 0.04, 0.0]
2019-10-25 21:00:13, [0.0, 0.0, 0.0, 123.59, 45.52, 15.02, 0.11, 0.07, 0.02]
2019-10-25 21:05:12, [0.0, 0.0, 0.0, 129.66, 51.93, 19.91, 0.14, 0.04, 0.0]
2019-10-25 21:10:12, [0.0, 0.0, 0.0, 154.07, 64.21, 26.07, 0.46, 0.19, 0.0]
2019-10-25 21:15:12, [0.0, 0.0, 0.0, 139.69, 60.91, 26.36, 0.82, 0.1, 0.0]
2019-10-25 21:20:12, [0.0, 0.0, 0.0, 112.62, 46.68, 18.94, 0.55, 0.04, 0.0]
2019-10-25 21:25:12, [0.0, 0.0, 0.0, 156.91, 60.26, 21.4, 0.49, 0.0, 0.0]
2019-10-25 21:30:12, [0.0, 0.0, 0.0, 141.9, 68.41, 33.3, 0.39, 0.0, 0.0]
2019-10-25 21:35:13, [0.0, 0.0, 0.0, 123.42, 50.17, 19.69, 0.74, 0.0, 0.0]
2019-10-25 21:40:13, [0.0, 0.0, 0.0, 120.65, 51.34, 21.56, 0.07, 0.0, 0.0]
2019-10-25 21:45:12, [0.0, 0.0, 0.0, 149.5, 59.48, 22.57, 0.12, 0.0, 0.0]
2019-10-25 21:50:12, [0.0, 0.0, 0.0, 128.78, 54.21, 22.37, 0.0, 0.0, 0.0]
2019-10-25 21:55:12, [0.0, 0.0, 0.0, 149.57, 58.31, 21.29, 0.65, 0.08, 0.0]
2019-10-25 22:00:12, [0.0, 0.0, 0.0, 137.35, 50.63, 16.67, 0.38, 0.02, 0.02]
2019-10-25 22:05:13, [0.0, 0.0, 0.0, 195.78, 81.65, 33.08, 1.5, 0.18, 0.0]
2019-10-25 22:10:12, [0.0, 0.0, 0.0, 113.64, 48.56, 20.56, 0.36, 0.0, 0.0]
2019-10-25 22:15:12, [0.0, 0.0, 0.0, 164.59, 75.54, 34.79, 1.24, 0.0, 0.04]
2019-10-25 22:20:12, [0.0, 0.0, 0.0, 125.84, 48.33, 17.25, 0.22, 0.0, 0.0]
2019-10-25 22:25:12, [0.0, 0.0, 0.0, 126.16, 53.65, 22.48, 0.52, 0.0, 0.0]
2019-10-25 22:30:13, [0.0, 0.0, 0.0, 106.52, 37.79, 11.52, 0.08, 0.0, 0.0]
2019-10-25 22:35:13, [0.0, 0.0, 0.0, 115.7, 45.67, 17.08, 0.09, 0.0, 0.0]
2019-10-25 22:40:12, [0.0, 0.0, 0.0, 104.57, 40.67, 14.93, 0.13, 0.0, 0.0]
2019-10-25 22:45:12, [0.0, 0.0, 0.0, 131.94, 49.22, 16.64, 0.02, 0.0, 0.0]
2019-10-25 22:50:12, [0.0, 0.0, 0.0, 125.17, 48.42, 17.52, 0.21, 0.07, 0.0]
2019-10-25 22:55:12, [0.0, 0.0, 0.0, 82.59, 30.76, 10.48, 0.0, 0.0, 0.0]
2019-10-25 23:00:13, [0.0, 0.0, 0.0, 112.14, 48.07, 20.43, 0.21, 0.04, 0.0]
2019-10-25 23:05:13, [0.0, 0.0, 0.0, 123.99, 49.16, 18.56, 0.03, 0.0, 0.0]
2019-10-25 23:10:12, [0.0, 0.0, 0.0, 117.44, 52.33, 23.33, 0.27, 0.03, 0.01]
2019-10-25 23:15:12, [0.0, 0.0, 0.0, 165.18, 66.4, 25.46, 0.64, 0.09, 0.0]
2019-10-25 23:20:12, [0.0, 0.0, 0.0, 111.52, 47.25, 19.76, 0.11, 0.03, 0.0]
2019-10-25 23:25:12, [0.0, 0.0, 0.0, 126.88, 58.15, 26.79, 0.95, 0.07, 0.03]
2019-10-25 23:30:13, [0.0, 0.0, 0.0, 108.11, 46.91, 20.26, 0.36, 0.0, 0.0]
2019-10-25 23:35:12, [0.0, 0.0, 0.0, 124.51, 51.53, 20.71, 0.05, 0.0, 0.02]
2019-10-25 23:40:12, [0.0, 0.0, 0.0, 165.23, 60.96, 20.07, 0.4, 0.01, 0.0]
2019-10-25 23:45:13, [0.0, 0.0, 0.0, 205.07, 79.98, 29.12, 0.32, 0.0, 0.0]
2019-10-25 23:50:12, [0.0, 0.0, 0.0, 171.26, 66.74, 24.27, 0.01, 0.0, 0.0]
2019-10-25 23:55:13, [0.0, 0.0, 0.0, 179.59, 71.74, 27.2, 0.65, 0.03, 0.0]
2019-10-26 00:00:12, [0.0, 0.0, 0.0, 259.43, 107.09, 42.61, 3.12, 0.08, 0.04]
2019-10-26 00:05:12, [0.0, 0.0, 0.0, 217.33, 91.71, 37.74, 1.07, 0.08, 0.0]
2019-10-26 00:10:12, [0.0, 0.0, 0.0, 274.12, 114.27, 46.14, 5.93, 0.04, 0.0]
2019-10-26 00:15:12, [0.0, 0.0, 0.0, 277.57, 113.0, 44.01, 1.65, 0.0, 0.0]
2019-10-26 00:20:12, [0.0, 0.03, 0.03, 293.01, 116.23, 43.36, 3.31, 0.0, 0.0]
2019-10-26 00:25:12, [0.0, 0.46, 0.88, 463.59, 186.07, 70.56, 7.16, 0.12, 0.0]
2019-10-26 00:30:12, [0.0, 0.41, 0.8, 471.75, 195.22, 77.66, 6.84, 0.43, 0.0]
2019-10-26 00:35:13, [0.0, 0.22, 0.43, 472.87, 191.57, 73.7, 7.46, 0.29, 0.0]
2019-10-26 00:40:12, [0.0, 0.12, 0.25, 421.48, 173.04, 68.04, 5.83, 0.12, 0.0]
2019-10-26 00:45:13, [0.0, 0.38, 0.56, 426.34, 166.73, 60.51, 3.13, 0.0, 0.0]
2019-10-26 00:50:12, [0.0, 0.57, 0.96, 398.77, 157.26, 57.9, 2.39, 0.05, 0.0]
2019-10-26 00:55:12, [0.39, 1.41, 2.27, 589.72, 236.03, 88.98, 7.53, 0.19, 0.0]
2019-10-26 01:00:12, [0.01, 0.95, 1.52, 465.99, 199.33, 83.22, 5.94, 0.02, 0.0]
2019-10-26 01:05:12, [0.0, 0.8, 1.5, 557.73, 227.76, 88.7, 7.49, 0.03, 0.0]
2019-10-26 01:10:13, [0.0, 0.35, 0.67, 431.87, 173.31, 65.73, 5.56, 0.37, 0.06]
2019-10-26 01:15:12, [0.0, 0.0, 0.0, 344.0, 138.89, 53.27, 3.83, 0.06, 0.0]
2019-10-26 01:20:13, [0.08, 0.36, 0.63, 401.12, 155.74, 55.84, 4.0, 0.11, 0.0]
2019-10-26 01:25:12, [0.0, 0.0, 0.0, 300.7, 118.05, 43.26, 2.46, 0.0, 0.0]
2019-10-26 01:30:12, [0.0, 0.0, 0.0, 355.34, 151.56, 63.1, 4.95, 0.0, 0.0]
2019-10-26 01:35:12, [0.0, 0.0, 0.0, 411.32, 164.77, 62.3, 5.11, 0.08, 0.0]
2019-10-26 01:40:12, [1.26, 2.9, 4.12, 682.56, 309.86, 139.6, 5.88, 0.14, 0.0]
2019-10-26 01:45:13, [0.07, 0.57, 0.89, 429.22, 184.97, 78.02, 4.64, 0.22, 0.0]
2019-10-26 01:50:12, [0.0, 1.18, 1.95, 556.42, 226.98, 88.21, 10.7, 1.1, 0.17]
2019-10-26 01:55:12, [0.0, 0.29, 0.57, 436.69, 181.65, 72.84, 9.28, 0.34, 0.02]
2019-10-26 02:00:12, [0.0, 0.19, 0.38, 437.63, 176.48, 67.47, 9.98, 0.6, 0.06]
2019-10-26 02:05:12, [0.0, 0.2, 0.41, 416.12, 171.54, 67.88, 7.45, 0.49, 0.08]
2019-10-26 02:10:13, [0.0, 0.01, 0.02, 404.32, 173.84, 73.14, 8.03, 0.31, 0.0]
2019-10-26 02:15:12, [0.02, 1.02, 1.88, 610.42, 235.58, 83.34, 8.12, 0.55, 0.07]
2019-10-26 02:20:13, [0.0, 1.17, 1.98, 521.32, 221.6, 91.66, 6.4, 0.26, 0.01]
2019-10-26 02:25:12, [0.0, 0.29, 0.56, 445.23, 191.24, 80.32, 6.22, 0.38, 0.0]
2019-10-26 02:30:12, [0.0, 0.13, 0.26, 406.31, 165.02, 63.82, 6.06, 0.0, 0.0]
2019-10-26 02:35:12, [0.0, 0.0, 0.0, 342.69, 133.82, 48.55, 2.51, 0.0, 0.0]
2019-10-26 02:40:12, [0.0, 0.0, 0.0, 420.84, 185.61, 80.8, 6.73, 0.09, 0.0]
2019-10-26 02:45:13, [0.0, 0.0, 0.0, 308.32, 127.23, 50.51, 3.78, 0.06, 0.0]
2019-10-26 02:50:12, [0.46, 1.87, 2.69, 540.53, 235.38, 100.61, 5.88, 0.1, 0.0]
2019-10-26 02:55:12, [0.0, 0.88, 1.58, 519.09, 211.18, 81.79, 7.26, 0.13, 0.0]
2019-10-26 03:00:12, [0.0, 1.56, 2.48, 535.68, 239.65, 106.11, 8.89, 0.53, 0.0]
2019-10-26 03:05:12, [1.48, 2.79, 4.03, 681.12, 309.66, 139.76, 10.96, 0.65, 0.0]
2019-10-26 03:10:13, [3.62, 7.3, 10.13, 1071.27, 511.2, 243.74, 24.27, 2.52, 0.03]
2019-10-26 03:15:12, [0.87, 3.4, 4.83, 710.82, 317.86, 140.54, 12.46, 0.64, 0.0]
2019-10-26 03:20:12, [0.49, 2.1, 3.37, 673.46, 283.14, 115.14, 8.81, 0.12, 0.0]
2019-10-26 03:25:12, [0.44, 2.47, 3.83, 709.37, 317.71, 140.74, 15.34, 0.82, 0.0]
2019-10-26 03:30:12, [0.17, 2.0, 3.04, 642.52, 272.9, 112.63, 8.61, 0.0, 0.0]
2019-10-26 03:35:13, [0.38, 2.79, 4.41, 687.42, 317.45, 145.94, 10.28, 0.0, 0.0]
2019-10-26 03:40:12, [2.43, 5.54, 8.1, 938.2, 424.52, 190.33, 16.84, 1.18, 0.0]
2019-10-26 03:45:12, [0.37, 2.52, 3.97, 667.06, 298.43, 132.03, 9.97, 0.43, 0.02]
2019-10-26 03:50:12, [0.0, 1.38, 2.38, 599.71, 253.94, 104.37, 9.73, 0.04, 0.04]
2019-10-26 03:55:12, [0.11, 1.9, 3.08, 584.72, 261.98, 116.15, 10.14, 0.74, 0.2]
2019-10-26 04:00:13, [0.0, 1.09, 2.08, 528.0, 221.82, 90.19, 7.99, 0.11, 0.0]
2019-10-26 04:05:12, [0.0, 1.29, 2.34, 584.61, 250.02, 104.22, 8.21, 0.45, 0.14]
2019-10-26 04:10:13, [0.04, 2.45, 3.91, 640.97, 275.04, 115.17, 8.66, 0.1, 0.0]
2019-10-26 04:15:12, [0.12, 1.98, 3.33, 645.44, 274.24, 113.2, 11.0, 0.09, 0.0]
2019-10-26 04:20:13, [0.98, 3.26, 4.93, 868.0, 373.15, 156.51, 13.87, 0.5, 0.0]
2019-10-26 04:25:12, [0.78, 3.06, 4.66, 714.47, 318.34, 140.1, 15.02, 0.78, 0.0]
2019-10-26 04:30:13, [4.76, 8.81, 12.49, 1232.59, 578.15, 270.36, 26.35, 2.19, 0.0]
2019-10-26 04:35:12, [1.16, 2.93, 4.48, 715.63, 310.58, 132.07, 11.94, 2.2, 0.14]
2019-10-26 04:40:13, [0.31, 1.98, 3.23, 626.96, 261.8, 105.43, 8.22, 0.07, 0.0]
2019-10-26 04:45:12, [0.02, 2.1, 3.24, 632.41, 288.36, 130.63, 15.34, 0.22, 0.0]
2019-10-26 04:50:12, [1.34, 3.79, 5.18, 801.96, 354.9, 154.82, 13.45, 0.85, 0.0]
2019-10-26 04:55:12, [0.05, 1.24, 2.16, 564.88, 224.23, 83.37, 7.72, 0.0, 0.0]
2019-10-26 05:00:12, [0.51, 1.97, 3.05, 583.7, 258.42, 112.85, 9.31, 0.37, 0.0]
2019-10-26 05:05:12, [0.14, 2.2, 3.43, 659.8, 285.22, 120.63, 9.06, 0.5, 0.21]
2019-10-26 05:10:12, [0.0, 1.54, 2.57, 599.77, 268.95, 119.37, 13.16, 0.2, 0.0]
2019-10-26 05:15:13, [0.1, 2.16, 3.45, 687.94, 292.21, 120.6, 11.74, 0.98, 0.0]
2019-10-26 05:20:12, [0.54, 2.5, 3.82, 685.92, 304.57, 133.46, 10.71, 0.41, 0.0]
2019-10-26 05:25:13, [1.3, 3.34, 4.95, 738.48, 326.22, 141.99, 12.35, 0.85, 0.0]
2019-10-26 05:30:12, [0.9, 3.37, 5.37, 764.91, 351.77, 160.92, 12.88, 0.79, 0.03]
2019-10-26 05:35:13, [1.12, 3.32, 5.01, 738.21, 333.37, 149.2, 15.68, 2.77, 0.03]
2019-10-26 05:40:12, [0.41, 2.19, 3.5, 632.19, 275.39, 117.71, 9.72, 0.13, 0.0]
2019-10-26 05:45:13, [0.4, 2.7, 4.25, 680.56, 296.91, 127.13, 12.65, 0.31, 0.0]
2019-10-26 05:50:12, [0.45, 2.12, 3.45, 659.29, 281.31, 116.87, 13.17, 0.66, 0.08]
2019-10-26 05:55:13, [0.09, 2.12, 3.54, 654.85, 276.68, 113.32, 10.81, 0.43, 0.0]
2019-10-26 06:00:12, [0.08, 1.13, 2.01, 600.21, 240.79, 91.11, 12.93, 0.6, 0.0]
2019-10-26 06:05:12, [0.0, 0.88, 1.59, 540.83, 221.3, 86.46, 7.51, 0.95, 0.0]
2019-10-26 06:10:12, [0.0, 0.84, 1.64, 517.29, 213.24, 84.28, 6.59, 1.0, 0.0]
2019-10-26 06:15:12, [0.0, 1.23, 2.0, 542.07, 223.51, 88.34, 4.98, 0.05, 0.0]
2019-10-26 06:20:12, [0.14, 2.42, 3.7, 641.83, 276.24, 116.15, 8.0, 0.75, 0.0]
2019-10-26 06:25:12, [0.0, 1.13, 2.05, 538.05, 231.28, 97.14, 6.4, 0.1, 0.0]
2019-10-26 06:30:12, [0.0, 1.03, 1.44, 526.86, 215.27, 83.95, 4.46, 0.0, 0.0]
2019-10-26 06:35:12, [0.0, 1.05, 1.97, 519.19, 217.74, 88.31, 7.36, 0.27, 0.0]
2019-10-26 06:40:12, [0.26, 1.88, 3.09, 643.78, 265.57, 105.02, 8.16, 0.04, 0.0]
2019-10-26 06:45:12, [0.57, 2.49, 3.87, 603.43, 289.48, 139.01, 12.89, 0.37, 0.0]
2019-10-26 06:50:12, [0.0, 0.49, 0.81, 468.17, 195.86, 79.2, 7.43, 0.08, 0.0]
2019-10-26 06:55:12, [0.05, 1.54, 2.42, 569.97, 243.33, 101.23, 9.87, 0.52, 0.0]
2019-10-26 07:00:12, [0.37, 1.36, 1.88, 526.91, 224.32, 92.99, 7.23, 0.0, 0.0]
2019-10-26 07:05:12, [0.05, 0.8, 1.34, 439.41, 177.42, 67.93, 4.74, 0.0, 0.0]
2019-10-26 07:10:12, [0.0, 0.01, 0.01, 408.93, 165.42, 63.6, 3.07, 0.0, 0.0]
2019-10-26 07:15:12, [0.07, 0.78, 1.17, 449.64, 187.98, 75.94, 3.82, 0.11, 0.0]
2019-10-26 07:20:12, [0.0, 0.57, 1.13, 429.63, 175.9, 68.88, 6.81, 0.27, 0.0]
2019-10-26 07:25:12, [0.0, 0.0, 0.0, 241.5, 97.3, 37.3, 1.35, 0.0, 0.0]
2019-10-26 07:30:12, [0.0, 0.0, 0.0, 279.06, 115.27, 45.86, 2.08, 0.0, 0.0]
2019-10-26 07:35:13, [0.0, 0.0, 0.0, 325.68, 120.68, 39.63, 2.54, 0.02, 0.0]
2019-10-26 07:40:12, [0.0, 0.0, 0.0, 325.31, 123.73, 42.79, 2.23, 0.05, 0.0]
2019-10-26 07:45:12, [0.0, 0.0, 0.0, 318.92, 131.77, 52.4, 2.91, 0.0, 0.0]
2019-10-26 07:50:12, [0.0, 0.19, 0.38, 441.73, 167.99, 57.93, 2.66, 0.0, 0.0]
2019-10-26 07:55:12, [0.0, 0.0, 0.0, 347.8, 133.28, 46.71, 2.67, 0.04, 0.0]
2019-10-26 08:00:13, [0.0, 0.0, 0.0, 372.13, 154.84, 62.17, 4.8, 0.04, 0.0]
2019-10-26 08:05:12, [0.0, 0.06, 0.11, 415.96, 164.3, 60.67, 4.86, 0.0, 0.0]
2019-10-26 08:10:13, [1.24, 3.4, 5.14, 778.68, 332.69, 138.4, 10.66, 0.05, 0.0]
2019-10-26 08:15:12, [0.43, 2.17, 3.42, 651.63, 269.09, 106.55, 10.05, 0.84, 0.07]
2019-10-26 08:20:12, [0.0, 1.01, 1.96, 554.72, 223.03, 84.72, 8.08, 0.14, 0.0]
2019-10-26 08:25:12, [0.16, 1.9, 3.11, 621.82, 272.69, 117.6, 10.04, 0.03, 0.0]
2019-10-26 08:30:12, [0.8, 3.22, 4.68, 745.62, 347.67, 161.65, 12.26, 0.86, 0.06]
2019-10-26 08:35:13, [0.12, 2.1, 3.2, 625.95, 268.31, 112.19, 11.43, 0.89, 0.04]
2019-10-26 08:40:12, [0.13, 2.3, 3.57, 627.59, 261.99, 105.48, 7.9, 0.13, 0.0]
2019-10-26 08:45:13, [0.0, 1.35, 2.29, 569.66, 238.44, 96.41, 7.11, 0.05, 0.0]
2019-10-26 08:50:12, [0.07, 1.45, 2.49, 581.98, 235.14, 90.03, 7.3, 0.14, 0.0]
2019-10-26 08:55:12, [0.2, 2.86, 4.49, 723.2, 321.49, 141.11, 10.17, 0.58, 0.0]
2019-10-26 09:00:13, [0.3, 2.2, 3.21, 656.24, 287.05, 123.36, 12.33, 0.07, 0.0]
2019-10-26 09:05:12, [1.47, 3.69, 5.66, 837.32, 404.02, 195.04, 16.97, 0.52, 0.0]
2019-10-26 09:10:13, [2.38, 4.99, 7.36, 929.32, 441.31, 209.35, 17.48, 0.96, 0.04]
2019-10-26 09:15:12, [2.96, 6.35, 9.31, 1013.78, 490.4, 237.32, 21.13, 2.34, 0.1]
2019-10-26 09:20:12, [3.78, 7.63, 10.99, 1162.16, 560.52, 270.35, 27.59, 4.85, 0.26]
2019-10-26 09:25:13, [3.3, 6.86, 9.95, 1082.22, 511.84, 241.66, 22.52, 3.17, 0.02]
2019-10-26 09:30:12, [3.83, 7.13, 10.36, 1165.59, 561.59, 270.57, 23.99, 3.46, 0.02]
2019-10-26 09:35:12, [2.56, 5.79, 8.24, 1063.98, 487.34, 221.7, 24.55, 3.65, 0.03]
2019-10-26 09:40:13, [3.47, 7.5, 10.8, 1166.5, 559.23, 267.97, 24.9, 5.27, 0.36]
2019-10-26 09:45:12, [4.04, 8.12, 11.32, 1221.81, 557.82, 252.76, 21.85, 1.8, 0.09]
2019-10-26 09:50:12, [5.12, 9.74, 13.75, 1317.33, 635.96, 307.02, 30.05, 2.83, 0.23]
2019-10-26 09:55:13, [1.96, 4.8, 7.11, 869.15, 399.64, 182.71, 14.29, 1.03, 0.0]
2019-10-26 10:00:12, [2.02, 4.57, 6.61, 836.6, 377.35, 168.57, 13.87, 0.21, 0.0]
2019-10-26 10:05:12, [1.26, 3.21, 5.03, 763.52, 348.26, 157.76, 14.1, 0.54, 0.0]
2019-10-26 10:10:13, [1.21, 3.65, 5.5, 771.24, 358.29, 165.86, 15.67, 1.06, 0.43]
2019-10-26 10:15:12, [1.24, 3.42, 5.25, 733.12, 346.61, 163.71, 13.53, 0.93, 0.0]
2019-10-26 10:20:12, [0.16, 2.58, 4.12, 679.45, 292.85, 123.35, 9.3, 0.22, 0.09]
2019-10-26 10:25:13, [0.34, 2.91, 4.8, 714.42, 329.23, 150.99, 14.33, 0.6, 0.0]
2019-10-26 10:30:12, [1.7, 3.78, 5.78, 789.51, 372.01, 175.0, 15.77, 0.26, 0.0]
2019-10-26 10:35:12, [1.48, 4.04, 5.97, 817.77, 369.0, 164.94, 16.76, 0.48, 0.0]
2019-10-26 10:40:13, [2.22, 5.11, 7.45, 956.04, 423.02, 184.42, 15.58, 0.91, 0.0]
2019-10-26 10:45:12, [2.19, 5.06, 7.25, 963.64, 449.33, 208.8, 22.83, 1.5, 0.0]
2019-10-26 10:50:12, [1.97, 4.22, 6.22, 856.15, 392.87, 179.18, 16.15, 1.11, 0.05]
2019-10-26 10:55:13, [2.02, 4.35, 6.39, 849.44, 394.38, 182.38, 16.49, 1.14, 0.0]
2019-10-26 11:00:12, [1.61, 3.85, 5.85, 834.97, 392.15, 183.77, 16.85, 1.29, 0.0]
2019-10-26 11:05:12, [1.29, 3.61, 5.61, 810.44, 377.47, 175.26, 19.04, 1.19, 0.01]
2019-10-26 11:10:13, [1.86, 4.3, 6.26, 808.25, 373.35, 171.67, 13.68, 1.56, 0.01]
2019-10-26 11:15:12, [1.72, 3.74, 5.73, 834.3, 372.28, 164.08, 12.77, 0.24, 0.0]
2019-10-26 11:20:12, [1.04, 3.36, 5.15, 785.16, 349.54, 153.65, 14.7, 1.2, 0.08]
2019-10-26 11:25:12, [1.01, 3.14, 4.88, 751.93, 343.36, 155.76, 17.61, 2.57, 0.0]
2019-10-26 11:30:13, [1.2, 3.78, 5.68, 847.1, 366.75, 155.36, 13.78, 0.18, 0.0]
2019-10-26 11:35:12, [1.29, 3.43, 5.4, 771.84, 357.44, 164.85, 15.33, 0.46, 0.07]
2019-10-26 11:40:12, [0.28, 2.5, 3.99, 705.04, 324.77, 148.88, 12.46, 0.21, 0.0]
2019-10-26 11:45:13, [0.0, 1.84, 2.84, 628.01, 276.44, 119.82, 11.88, 1.0, 0.1]
2019-10-26 11:50:12, [0.08, 2.82, 4.05, 652.47, 294.67, 131.93, 9.33, 0.31, 0.0]
2019-10-26 11:55:12, [0.0, 1.36, 2.35, 538.59, 225.04, 90.77, 7.69, 0.26, 0.0]
2019-10-26 12:00:12, [0.0, 1.02, 1.95, 523.03, 230.86, 100.49, 8.95, 0.16, 0.0]
2019-10-26 12:05:13, [0.0, 0.97, 1.85, 483.09, 201.96, 81.57, 8.69, 0.13, 0.0]
2019-10-26 12:10:12, [0.0, 0.81, 1.42, 467.33, 193.43, 76.98, 5.79, 0.03, 0.0]
2019-10-26 12:15:12, [0.0, 0.7, 1.41, 551.77, 225.17, 87.63, 7.21, 0.0, 0.0]
2019-10-26 12:20:13, [0.0, 0.86, 1.69, 518.19, 212.15, 82.99, 9.28, 0.0, 0.0]
2019-10-26 12:25:12, [0.0, 0.86, 1.7, 541.39, 236.72, 101.75, 11.67, 0.5, 0.0]
2019-10-26 12:30:12, [0.0, 0.68, 1.35, 466.35, 201.75, 85.53, 5.6, 0.23, 0.0]
2019-10-26 12:35:12, [0.0, 1.52, 2.59, 598.31, 247.23, 98.04, 6.32, 0.07, 0.0]
2019-10-26 12:40:13, [0.0, 1.11, 1.96, 560.03, 223.3, 83.67, 5.92, 0.14, 0.0]
2019-10-26 12:45:13, [0.0, 1.29, 2.15, 572.37, 224.31, 81.59, 8.05, 0.25, 0.0]
2019-10-26 12:50:12, [0.0, 1.19, 2.06, 508.35, 211.19, 84.48, 7.3, 0.4, 0.02]
2019-10-26 12:55:12, [0.0, 1.41, 2.39, 578.8, 240.92, 96.62, 10.86, 0.27, 0.0]
2019-10-26 13:00:13, [0.97, 2.71, 4.0, 765.99, 338.61, 147.47, 11.31, 0.17, 0.0]
2019-10-26 13:05:12, [0.4, 2.48, 3.63, 690.88, 301.97, 129.6, 10.6, 0.07, 0.0]
2019-10-26 13:10:12, [2.8, 5.87, 8.16, 1036.33, 467.47, 208.78, 19.58, 1.11, 0.0]
2019-10-26 13:15:12, [1.72, 4.56, 6.59, 874.44, 396.52, 178.26, 14.11, 1.66, 0.0]
2019-10-26 13:20:12, [3.35, 6.62, 9.16, 1036.59, 478.84, 220.1, 18.49, 1.9, 0.12]
2019-10-26 13:25:13, [2.41, 5.27, 7.49, 943.39, 446.53, 211.07, 18.67, 0.95, 0.0]
2019-10-26 13:30:12, [3.21, 6.32, 9.27, 1083.38, 487.76, 217.29, 21.04, 4.01, 0.65]
2019-10-26 13:35:12, [6.4, 11.26, 15.98, 1482.92, 733.09, 362.74, 35.97, 7.3, 0.87]
2019-10-26 13:40:12, [7.14, 12.48, 17.97, 1646.96, 786.48, 375.07, 38.46, 6.91, 0.8]
2019-10-26 13:45:13, [9.86, 16.13, 23.14, 1973.86, 977.91, 484.81, 51.73, 11.11, 1.73]
2019-10-26 13:50:12, [12.26, 19.26, 27.15, 2213.28, 1114.56, 561.61, 75.76, 11.37, 1.89]
2019-10-26 13:55:12, [13.71, 21.96, 30.64, 2433.24, 1261.29, 653.35, 80.09, 15.31, 3.8]
2019-10-26 14:00:12, [15.68, 24.56, 34.72, 2635.59, 1346.12, 687.59, 87.29, 15.74, 3.04]
2019-10-26 14:05:13, [16.49, 25.29, 35.6, 2816.01, 1405.57, 701.93, 96.63, 20.3, 4.93]
2019-10-26 14:10:12, [15.83, 24.19, 34.22, 2669.53, 1348.72, 681.71, 91.53, 16.97, 4.23]
2019-10-26 14:15:12, [16.55, 26.01, 36.8, 2800.87, 1413.55, 713.69, 98.82, 17.31, 4.23]
2019-10-26 14:20:12, [15.66, 24.59, 34.51, 2629.89, 1337.43, 680.31, 84.79, 18.1, 5.05]
2019-10-26 14:25:13, [16.23, 25.13, 35.09, 2773.0, 1393.48, 700.57, 93.37, 15.54, 4.82]
2019-10-26 14:30:13, [16.72, 25.63, 35.7, 2792.39, 1388.44, 690.71, 91.7, 16.82, 5.87]
2019-10-26 14:35:12, [16.09, 25.27, 35.54, 2659.28, 1361.02, 696.59, 89.19, 15.22, 4.93]
2019-10-26 14:40:12, [15.57, 24.21, 34.08, 2605.42, 1319.35, 668.37, 81.21, 15.19, 4.43]
2019-10-26 14:45:12, [15.38, 23.79, 33.23, 2608.16, 1299.37, 647.68, 78.6, 17.39, 5.24]
2019-10-26 14:50:13, [14.21, 21.95, 30.95, 2459.78, 1254.14, 639.58, 85.89, 16.0, 5.23]
2019-10-26 14:55:13, [13.81, 21.74, 30.8, 2420.38, 1236.79, 632.06, 80.48, 14.67, 3.31]
2019-10-26 15:00:12, [14.12, 22.58, 32.01, 2523.91, 1252.65, 622.03, 78.64, 16.62, 2.83]
2019-10-26 15:05:12, [13.32, 20.91, 29.37, 2401.13, 1196.78, 596.89, 73.67, 16.3, 6.31]
2019-10-26 15:10:12, [13.07, 20.17, 28.35, 2350.36, 1167.65, 580.45, 82.01, 12.87, 2.76]
2019-10-26 15:15:13, [11.75, 19.21, 26.86, 2178.31, 1092.5, 548.34, 66.26, 12.37, 2.63]
2019-10-26 15:20:12, [12.1, 19.19, 27.02, 2213.84, 1081.11, 528.02, 68.17, 15.12, 3.23]
2019-10-26 15:25:12, [12.63, 19.73, 27.59, 2219.2, 1123.74, 569.3, 61.78, 12.89, 2.9]
2019-10-26 15:30:12, [14.1, 22.49, 31.89, 2487.5, 1260.51, 638.98, 76.68, 15.2, 3.77]
2019-10-26 15:35:12, [14.32, 22.09, 31.28, 2471.95, 1215.12, 597.5, 72.27, 13.62, 4.12]
2019-10-26 15:40:13, [14.07, 21.54, 30.36, 2464.52, 1234.87, 619.1, 81.02, 14.13, 3.44]
2019-10-26 15:45:13, [13.35, 21.12, 29.78, 2363.06, 1204.02, 613.62, 70.84, 14.98, 2.86]
2019-10-26 15:50:12, [11.02, 17.16, 24.47, 2107.8, 1043.47, 516.9, 61.13, 12.43, 2.27]
2019-10-26 15:55:12, [11.59, 17.82, 25.28, 2151.68, 1066.22, 528.67, 65.99, 15.22, 2.26]
2019-10-26 16:00:12, [12.27, 19.85, 28.07, 2104.63, 1080.62, 554.84, 60.51, 11.13, 3.81]
2019-10-26 16:05:12, [10.25, 17.11, 23.97, 1932.53, 992.43, 509.68, 53.3, 12.54, 2.92]
2019-10-26 16:10:12, [10.0, 16.4, 23.35, 1891.39, 945.73, 473.25, 56.5, 10.5, 2.02]
2019-10-26 16:15:13, [9.35, 15.49, 21.76, 1871.6, 945.68, 478.13, 51.96, 9.55, 3.3]
2019-10-26 16:20:13, [8.75, 14.34, 20.44, 1818.16, 879.84, 425.66, 48.19, 9.38, 0.75]
2019-10-26 16:25:12, [8.96, 14.73, 20.02, 1771.7, 854.21, 411.67, 47.59, 8.49, 0.46]
2019-10-26 16:30:12, [8.54, 13.81, 19.65, 1689.5, 817.07, 395.07, 44.57, 6.99, 0.93]
2019-10-26 16:35:12, [7.24, 12.34, 17.66, 1649.8, 792.83, 380.75, 35.58, 5.65, 0.75]
2019-10-26 16:40:12, [8.78, 14.28, 20.04, 1802.02, 859.38, 409.23, 43.23, 10.43, 1.03]
2019-10-26 16:45:12, [8.8, 15.04, 21.14, 1787.02, 889.94, 443.55, 48.48, 9.84, 1.78]
2019-10-26 16:50:12, [9.59, 15.5, 21.88, 1757.02, 866.4, 427.49, 50.41, 7.86, 1.25]
2019-10-26 16:55:13, [9.66, 15.76, 22.19, 1857.03, 934.3, 470.43, 48.73, 8.13, 1.83]
2019-10-26 17:00:13, [10.24, 16.41, 23.06, 1988.26, 972.8, 476.15, 47.76, 10.47, 2.1]
2019-10-26 17:05:13, [10.37, 17.15, 24.34, 1995.51, 977.35, 478.85, 46.42, 8.8, 1.11]
2019-10-26 17:10:12, [9.43, 15.77, 22.2, 1893.42, 917.27, 444.29, 45.12, 7.9, 1.07]
2019-10-26 17:15:12, [7.57, 12.83, 17.85, 1641.67, 798.42, 388.4, 39.63, 5.32, 0.22]
2019-10-26 17:20:12, [5.87, 10.17, 14.47, 1423.76, 682.42, 326.86, 35.19, 6.18, 0.08]
2019-10-26 17:25:12, [6.79, 12.05, 16.98, 1537.14, 745.43, 361.52, 38.43, 7.75, 1.52]
2019-10-26 17:30:12, [6.64, 11.71, 16.69, 1551.63, 743.77, 356.24, 35.32, 4.4, 0.02]
2019-10-26 17:35:12, [7.51, 13.44, 19.19, 1708.38, 820.37, 393.63, 44.5, 7.67, 0.97]
2019-10-26 17:40:12, [8.92, 14.54, 20.12, 1785.15, 873.44, 427.53, 43.86, 4.93, 0.28]
2019-10-26 17:45:12, [7.54, 12.78, 18.28, 1716.53, 847.33, 418.59, 41.45, 6.78, 1.11]
2019-10-26 17:50:12, [7.65, 13.18, 18.82, 1665.01, 826.47, 410.59, 43.97, 9.7, 1.8]
2019-10-26 17:55:13, [7.23, 12.54, 17.89, 1698.18, 801.26, 377.08, 34.64, 6.38, 0.02]
2019-10-26 18:00:13, [7.22, 12.31, 17.49, 1621.63, 785.05, 380.03, 40.04, 6.44, 0.54]
2019-10-26 18:05:13, [6.69, 11.29, 15.65, 1548.81, 741.22, 354.4, 36.35, 3.84, 0.01]
2019-10-26 18:10:13, [3.85, 7.94, 11.34, 1243.74, 609.07, 298.5, 27.57, 2.73, 0.25]
2019-10-26 18:15:13, [2.19, 4.93, 7.07, 1044.02, 490.23, 229.62, 24.34, 1.67, 0.0]
2019-10-26 18:20:13, [1.94, 4.29, 6.29, 875.23, 418.23, 199.83, 15.01, 1.08, 0.09]
2019-10-26 18:25:12, [1.92, 4.48, 6.51, 835.63, 377.57, 169.03, 16.04, 1.04, 0.1]
2019-10-26 18:30:12, [1.58, 3.95, 5.71, 891.67, 419.49, 196.95, 17.49, 0.78, 0.03]
2019-10-26 18:35:12, [1.57, 4.23, 6.2, 883.27, 419.2, 198.79, 16.18, 1.56, 0.0]
2019-10-26 18:40:13, [1.15, 2.85, 4.53, 861.89, 387.8, 172.7, 13.91, 0.47, 0.05]
2019-10-26 18:45:13, [0.46, 2.26, 3.45, 748.27, 322.11, 135.45, 14.39, 0.67, 0.04]
2019-10-26 18:50:13, [0.14, 2.14, 3.18, 740.25, 332.22, 147.52, 12.32, 0.71, 0.18]
2019-10-26 18:55:13, [0.0, 2.11, 3.38, 724.33, 328.09, 147.38, 10.35, 0.19, 0.0]
2019-10-26 19:00:13, [0.11, 2.1, 3.34, 796.43, 370.7, 171.94, 14.48, 0.35, 0.04]
2019-10-26 19:05:13, [0.0, 2.03, 3.13, 713.82, 320.15, 142.08, 9.81, 0.64, 0.02]
2019-10-26 19:10:13, [0.79, 2.49, 3.68, 748.38, 313.1, 126.38, 12.91, 1.32, 0.0]
2019-10-26 19:15:13, [1.1, 3.47, 5.33, 797.63, 371.09, 172.05, 10.67, 0.86, 0.0]
2019-10-26 19:20:13, [0.46, 2.59, 4.08, 832.41, 385.63, 177.91, 13.79, 0.94, 0.04]
2019-10-26 19:25:13, [1.1, 3.19, 5.18, 849.6, 400.0, 187.97, 15.52, 0.35, 0.0]
2019-10-26 19:30:13, [0.88, 3.44, 5.35, 822.21, 404.77, 199.58, 15.18, 1.19, 0.09]
2019-10-26 19:35:13, [0.4, 2.59, 4.22, 767.85, 350.29, 158.7, 18.87, 0.41, 0.0]
2019-10-26 19:40:13, [1.66, 4.47, 6.43, 854.64, 410.88, 197.62, 14.34, 0.82, 0.04]
2019-10-26 19:45:13, [1.87, 4.04, 5.99, 869.74, 406.56, 189.49, 10.75, 1.13, 0.03]
2019-10-26 19:50:13, [1.52, 3.94, 5.89, 875.69, 407.43, 188.89, 20.13, 0.86, 0.0]
2019-10-26 19:55:13, [1.55, 3.65, 5.56, 890.9, 398.62, 176.28, 17.21, 0.65, 0.0]
2019-10-26 20:00:12, [1.54, 4.27, 6.33, 916.12, 433.43, 204.77, 14.14, 0.9, 0.0]
2019-10-26 20:05:12, [0.8, 3.29, 5.21, 809.58, 369.12, 167.09, 10.95, 0.46, 0.0]
2019-10-26 20:10:12, [1.68, 3.96, 5.87, 904.67, 410.84, 185.04, 16.23, 1.3, 0.05]
2019-10-26 20:15:12, [2.14, 4.84, 6.98, 944.34, 444.7, 209.01, 15.42, 2.2, 0.13]
2019-10-26 20:20:12, [2.84, 5.93, 8.65, 1084.91, 503.22, 232.38, 18.32, 1.1, 0.15]
2019-10-26 20:25:12, [3.7, 7.8, 11.46, 1252.04, 603.47, 290.84, 25.95, 1.54, 0.0]
2019-10-26 20:30:12, [4.18, 7.64, 11.21, 1125.69, 556.45, 275.41, 23.07, 1.04, 0.0]
2019-10-26 20:35:12, [2.79, 6.11, 8.9, 1093.14, 497.35, 224.48, 19.92, 0.85, 0.0]
2019-10-26 20:40:12, [3.58, 7.25, 10.6, 1178.03, 565.47, 271.35, 24.96, 1.63, 0.09]
2019-10-26 20:45:12, [3.75, 7.61, 10.82, 1170.14, 556.49, 264.33, 22.66, 3.65, 0.0]
2019-10-26 20:50:12, [3.54, 7.34, 10.34, 1084.28, 526.59, 255.9, 22.33, 2.89, 0.0]
2019-10-26 20:55:12, [2.69, 5.93, 8.32, 980.5, 498.98, 254.22, 19.09, 2.97, 0.03]
2019-10-26 21:00:12, [2.69, 5.84, 8.54, 1065.91, 499.24, 233.12, 15.37, 2.04, 0.13]
2019-10-26 21:05:12, [2.18, 4.92, 7.22, 976.43, 457.94, 214.22, 22.86, 1.68, 0.12]
2019-10-26 21:10:12, [3.25, 6.85, 9.95, 1167.09, 559.74, 268.34, 25.97, 2.34, 0.1]
2019-10-26 21:15:12, [2.33, 5.03, 7.41, 925.42, 434.58, 203.59, 19.01, 0.51, 0.0]
2019-10-26 21:20:12, [1.96, 4.69, 6.66, 990.12, 437.18, 190.05, 16.8, 1.63, 0.0]
2019-10-26 21:25:12, [2.71, 5.85, 8.4, 1020.07, 488.9, 234.26, 21.68, 1.98, 0.05]
2019-10-26 21:30:12, [2.3, 5.13, 7.5, 992.22, 476.37, 228.7, 22.79, 3.26, 0.0]
2019-10-26 21:35:12, [2.62, 5.56, 8.02, 1036.97, 478.14, 219.25, 20.12, 1.3, 0.0]
2019-10-26 21:40:12, [3.35, 6.45, 9.43, 1095.55, 519.98, 246.47, 20.4, 2.24, 0.22]
2019-10-26 21:45:12, [2.47, 5.48, 7.74, 1033.07, 496.99, 239.1, 18.21, 1.62, 0.14]
2019-10-26 21:50:12, [2.86, 6.09, 8.62, 1039.79, 494.4, 234.84, 16.46, 1.72, 0.09]
2019-10-26 21:55:12, [2.13, 4.9, 6.98, 1018.14, 483.77, 229.62, 18.49, 1.17, 0.06]
2019-10-26 22:00:13, [2.21, 5.0, 7.14, 1024.86, 459.96, 204.14, 18.24, 1.63, 0.0]
2019-10-26 22:05:13, [1.95, 4.27, 6.26, 1005.54, 473.2, 222.19, 20.11, 1.6, 0.17]
2019-10-26 22:10:13, [0.95, 3.34, 5.32, 875.9, 405.74, 187.14, 13.99, 0.69, 0.0]
2019-10-26 22:15:13, [1.04, 3.33, 5.15, 848.13, 395.78, 184.12, 15.84, 0.77, 0.0]
2019-10-26 22:20:13, [0.9, 2.67, 4.02, 778.67, 355.71, 161.42, 14.56, 0.15, 0.0]
2019-10-26 22:25:13, [0.05, 2.55, 4.06, 694.66, 309.68, 136.38, 9.8, 0.29, 0.0]
2019-10-26 22:30:13, [0.36, 2.16, 3.4, 695.56, 307.5, 133.97, 10.01, 1.07, 0.04]
2019-10-26 22:35:13, [1.44, 3.49, 5.43, 838.25, 377.12, 167.96, 18.18, 0.89, 0.0]
2019-10-26 22:40:13, [1.45, 3.8, 5.52, 835.05, 381.98, 173.59, 15.47, 1.33, 0.05]
2019-10-26 22:45:13, [0.49, 3.04, 4.71, 741.57, 353.79, 168.76, 13.34, 0.0, 0.0]
2019-10-26 22:50:13, [0.6, 2.49, 4.09, 808.07, 364.67, 163.02, 15.11, 0.14, 0.0]
2019-10-26 22:55:13, [0.67, 2.14, 3.27, 706.88, 318.45, 142.1, 10.48, 0.77, 0.02]
2019-10-26 23:00:13, [0.47, 1.95, 3.04, 722.43, 326.51, 146.27, 13.44, 0.54, 0.08]
2019-10-26 23:05:13, [0.72, 3.04, 4.42, 807.11, 382.52, 181.14, 14.62, 1.33, 0.0]
2019-10-26 23:10:13, [1.67, 3.84, 5.72, 861.81, 390.86, 175.75, 13.87, 0.42, 0.03]
2019-10-26 23:15:12, [1.21, 3.91, 5.65, 838.86, 396.17, 186.81, 15.03, 0.9, 0.0]
2019-10-26 23:20:13, [0.25, 2.68, 4.22, 726.37, 355.22, 173.99, 14.17, 0.75, 0.0]
2019-10-26 23:25:13, [0.91, 3.2, 4.96, 836.03, 378.62, 170.0, 16.32, 0.79, 0.0]
2019-10-26 23:30:13, [2.08, 4.53, 6.52, 854.29, 406.09, 192.89, 16.15, 1.34, 0.11]
2019-10-26 23:35:12, [2.16, 4.97, 7.12, 938.52, 442.15, 207.91, 19.06, 1.03, 0.02]
2019-10-26 23:40:12, [2.03, 4.42, 6.42, 918.71, 421.48, 192.21, 18.73, 1.14, 0.0]
2019-10-26 23:45:12, [1.68, 4.23, 6.21, 873.62, 410.05, 192.02, 19.78, 1.62, 0.03]
2019-10-26 23:50:12, [2.65, 5.86, 8.53, 956.41, 460.78, 222.04, 21.08, 0.9, 0.0]
2019-10-26 23:55:13, [2.97, 6.32, 9.14, 1071.71, 514.01, 246.42, 23.66, 2.73, 0.25]
2019-10-27 00:00:12, [3.73, 7.76, 11.28, 1170.01, 540.81, 248.65, 23.77, 1.72, 0.0]
2019-10-27 00:05:12, [3.62, 7.33, 10.76, 1191.89, 564.82, 267.19, 23.92, 4.35, 0.13]
2019-10-27 00:10:12, [3.3, 6.83, 9.96, 1130.44, 531.82, 249.61, 26.59, 4.9, 0.0]
2019-10-27 00:15:12, [3.46, 7.26, 10.7, 1121.59, 542.02, 261.96, 25.6, 4.68, 0.07]
2019-10-27 00:20:13, [3.64, 7.44, 10.77, 1137.71, 552.73, 268.69, 24.27, 2.7, 0.0]
2019-10-27 00:25:12, [5.09, 9.29, 13.21, 1322.79, 618.49, 288.16, 25.92, 2.58, 0.12]
2019-10-27 00:30:12, [5.55, 9.98, 13.78, 1358.4, 632.89, 293.66, 34.99, 7.26, 0.8]
2019-10-27 00:35:13, [5.89, 10.31, 14.66, 1453.63, 688.22, 325.2, 32.75, 6.21, 0.41]
2019-10-27 00:40:12, [6.34, 11.09, 15.65, 1506.38, 705.09, 328.86, 37.77, 6.28, 0.9]
2019-10-27 00:45:12, [6.92, 12.16, 17.36, 1541.84, 741.17, 356.1, 33.4, 6.82, 0.26]
2019-10-27 00:50:13, [7.8, 13.0, 18.66, 1629.06, 771.4, 364.52, 37.7, 7.37, 0.36]
2019-10-27 00:55:12, [7.47, 12.67, 18.21, 1620.96, 775.64, 370.79, 37.23, 8.06, 0.89]
2019-10-27 01:00:12, [7.97, 12.94, 18.34, 1669.21, 797.58, 380.66, 37.6, 7.49, 0.89]
