2019-10-24 10:03:43, [0.3, 1.81, 2.81, 613.82, 263.04, 109.95, 14.79, 1.35, 0.0]
2019-10-24 10:08:42, [10.88, 16.06, 20.9, 2445.13, 982.02, 371.12, 36.32, 2.04, 0.21]
2019-10-24 10:13:42, [50.2, 70.75, 93.29, 8281.0, 3529.86, 1459.97, 149.81, 13.21, 3.07]
2019-10-24 10:18:42, [0.07, 1.88, 2.88, 582.15, 254.54, 109.39, 10.13, 0.02, 0.0]
2019-10-24 10:23:43, [0.0, 0.06, 0.11, 187.05, 74.57, 28.21, 3.1, 0.0, 0.0]
2019-10-24 10:28:43, [0.0, 0.0, 0.0, 147.3, 60.82, 24.35, 0.77, 0.0, 0.0]
2019-10-24 10:33:42, [0.0, 0.0, 0.0, 126.38, 52.07, 20.87, 0.24, 0.0, 0.0]
2019-10-24 10:38:42, [0.0, 0.0, 0.0, 115.15, 50.43, 22.05, 0.07, 0.0, 0.0]
2019-10-24 10:43:42, [0.0, 0.0, 0.0, 117.28, 49.46, 20.51, 0.08, 0.0, 0.0]
2019-10-24 10:48:42, [0.0, 0.0, 0.0, 128.93, 53.44, 21.49, 0.0, 0.0, 0.0]
2019-10-24 10:53:42, [0.0, 0.0, 0.0, 141.99, 57.38, 22.28, 0.42, 0.0, 0.0]
2019-10-24 10:58:43, [1.36, 3.27, 4.81, 716.23, 308.5, 129.84, 13.19, 0.85, 0.0]
2019-10-24 11:03:43, [0.51, 2.32, 3.78, 609.48, 272.96, 120.95, 12.83, 0.33, 0.0]
2019-10-24 11:08:43, [0.0, 1.11, 2.11, 575.96, 237.8, 94.2, 11.73, 0.11, 0.0]
2019-10-24 11:13:42, [0.48, 1.75, 3.01, 607.54, 248.59, 97.08, 11.22, 0.0, 0.0]
2019-10-24 11:18:42, [3.38, 5.95, 8.6, 1077.94, 451.31, 182.21, 17.1, 1.39, 0.0]
2019-10-24 11:23:42, [0.07, 1.2, 2.21, 512.07, 218.57, 90.93, 9.59, 0.1, 0.0]
2019-10-24 11:28:43, [0.0, 0.0, 0.0, 339.38, 138.93, 54.44, 5.99, 0.0, 0.0]
2019-10-24 11:33:43, [0.0, 0.0, 0.0, 276.32, 110.48, 41.8, 4.13, 0.0, 0.0]
2019-10-24 11:38:42, [0.0, 0.0, 0.0, 226.48, 88.02, 31.74, 1.01, 0.0, 0.0]
2019-10-24 11:43:42, [0.0, 0.0, 0.0, 123.93, 48.9, 18.31, 0.16, 0.0, 0.0]
2019-10-24 11:48:43, [0.0, 0.0, 0.0, 113.29, 44.66, 16.68, 0.0, 0.0, 0.0]
2019-10-24 11:53:43, [0.0, 0.0, 0.0, 109.48, 43.15, 16.09, 0.0, 0.0, 0.0]
2019-10-24 11:58:42, [0.0, 0.0, 0.0, 103.4, 42.77, 17.33, 0.38, 0.02, 0.0]
2019-10-24 12:03:42, [2.15, 3.96, 5.83, 806.06, 365.15, 164.04, 14.61, 1.37, 0.1]
2019-10-24 12:08:42, [4.2, 7.63, 10.91, 1194.12, 553.26, 255.11, 28.1, 4.54, 1.1]
2019-10-24 12:13:43, [2.34, 4.89, 7.12, 884.97, 403.51, 182.66, 18.27, 1.43, 0.0]
2019-10-24 12:18:43, [2.32, 4.9, 7.2, 913.16, 407.96, 180.06, 20.8, 0.9, 0.0]
2019-10-24 12:23:42, [2.06, 4.48, 6.5, 879.13, 396.6, 177.2, 18.8, 1.16, 0.0]
2019-10-24 12:28:42, [1.92, 4.45, 6.45, 920.01, 409.75, 180.12, 17.01, 0.92, 0.0]
2019-10-24 12:33:43, [0.95, 2.89, 4.37, 693.02, 305.19, 132.3, 14.42, 0.18, 0.0]
2019-10-24 12:38:42, [0.0, 0.59, 0.93, 326.63, 140.22, 58.87, 5.6, 0.0, 0.0]
2019-10-24 12:43:42, [0.0, 0.0, 0.0, 129.53, 52.52, 20.48, 0.14, 0.0, 0.0]
2019-10-24 12:48:43, [1.32, 2.51, 3.55, 609.05, 246.2, 94.31, 7.43, 0.0, 0.0]
2019-10-24 12:53:43, [0.22, 0.82, 1.29, 324.08, 132.57, 51.9, 3.28, 0.0, 0.0]
2019-10-24 12:58:42, [0.0, 0.0, 0.0, 149.21, 58.61, 21.67, 0.0, 0.0, 0.0]
2019-10-24 13:03:42, [0.0, 0.0, 0.0, 164.3, 64.18, 23.44, 0.3, 0.0, 0.0]
2019-10-24 13:08:43, [0.0, 0.0, 0.0, 171.55, 73.7, 31.18, 0.45, 0.0, 0.0]
2019-10-24 13:13:43, [0.0, 0.0, 0.0, 174.87, 65.81, 22.48, 0.36, 0.0, 0.0]
2019-10-24 13:18:42, [0.0, 0.0, 0.0, 187.31, 76.27, 29.8, 0.31, 0.0, 0.0]
2019-10-24 13:23:42, [0.0, 0.0, 0.0, 206.85, 80.1, 28.76, 0.88, 0.0, 0.0]
2019-10-24 13:28:42, [0.0, 0.0, 0.0, 214.99, 81.65, 28.29, 1.05, 0.0, 0.0]
2019-10-24 13:33:43, [0.0, 0.0, 0.0, 212.72, 79.82, 26.99, 0.4, 0.0, 0.0]
2019-10-24 13:38:43, [0.0, 0.0, 0.0, 254.22, 96.51, 33.33, 0.95, 0.0, 0.0]
2019-10-24 13:43:42, [0.0, 0.0, 0.0, 240.98, 90.47, 30.62, 0.73, 0.0, 0.0]
2019-10-24 13:48:42, [0.0, 0.0, 0.0, 236.17, 90.11, 31.4, 1.16, 0.0, 0.0]
2019-10-24 13:53:42, [0.0, 0.0, 0.0, 228.1, 86.99, 30.31, 0.53, 0.0, 0.0]
2019-10-24 13:58:43, [0.0, 0.0, 0.0, 228.06, 87.98, 31.36, 0.75, 0.0, 0.0]
2019-10-24 14:03:43, [0.0, 0.0, 0.0, 200.06, 77.76, 28.07, 0.61, 0.0, 0.0]
2019-10-24 14:08:43, [0.0, 0.0, 0.0, 179.19, 71.5, 27.07, 0.8, 0.0, 0.0]
2019-10-24 14:13:43, [0.0, 0.0, 0.0, 180.26, 70.88, 26.18, 0.08, 0.0, 0.0]
2019-10-24 14:18:42, [0.0, 0.0, 0.0, 182.3, 72.42, 27.21, 0.6, 0.0, 0.0]
2019-10-24 14:23:42, [0.0, 0.0, 0.0, 204.17, 78.16, 27.44, 0.85, 0.0, 0.0]
2019-10-24 14:28:42, [0.0, 0.0, 0.0, 177.67, 72.63, 28.54, 0.71, 0.0, 0.0]
2019-10-24 14:33:42, [0.0, 0.0, 0.0, 166.75, 65.87, 24.54, 0.13, 0.0, 0.0]
2019-10-24 14:38:42, [0.0, 0.0, 0.0, 149.86, 60.45, 23.36, 0.26, 0.0, 0.0]
2019-10-24 14:43:43, [0.0, 0.0, 0.0, 152.72, 60.46, 22.64, 0.44, 0.0, 0.0]
2019-10-24 14:48:43, [0.0, 0.0, 0.0, 157.51, 63.45, 24.42, 0.1, 0.02, 0.0]
2019-10-24 14:53:43, [0.0, 0.0, 0.0, 135.43, 55.61, 22.14, 0.09, 0.0, 0.0]
2019-10-24 14:58:43, [0.0, 0.0, 0.0, 126.75, 53.23, 21.9, 0.03, 0.0, 0.0]
2019-10-24 15:03:43, [0.0, 0.0, 0.0, 110.69, 44.04, 16.79, 0.0, 0.0, 0.0]
2019-10-24 15:08:43, [0.0, 0.0, 0.0, 123.01, 53.35, 22.95, 0.0, 0.0, 0.0]
2019-10-24 15:13:42, [0.0, 0.0, 0.0, 101.71, 43.38, 18.38, 0.09, 0.0, 0.0]
2019-10-24 15:18:42, [0.0, 0.0, 0.0, 103.1, 40.64, 15.24, 0.05, 0.0, 0.0]
2019-10-24 15:23:42, [0.0, 0.0, 0.0, 110.96, 43.7, 16.37, 0.0, 0.0, 0.0]
2019-10-24 15:28:42, [0.0, 0.0, 0.0, 102.11, 41.84, 16.67, 0.07, 0.0, 0.0]
2019-10-24 15:33:42, [0.0, 0.0, 0.0, 97.01, 36.91, 13.1, 0.0, 0.0, 0.0]
2019-10-24 15:38:42, [0.0, 0.0, 0.0, 95.66, 39.74, 16.16, 0.02, 0.0, 0.0]
2019-10-24 15:43:43, [0.0, 0.0, 0.0, 88.75, 39.28, 17.51, 0.0, 0.0, 0.0]
2019-10-24 15:48:43, [0.0, 0.0, 0.0, 92.23, 39.84, 17.06, 0.0, 0.0, 0.0]
2019-10-24 15:53:43, [0.0, 0.0, 0.0, 86.12, 35.66, 14.52, 0.0, 0.0, 0.0]
2019-10-24 15:58:43, [0.0, 0.0, 0.0, 82.2, 33.76, 13.58, 0.0, 0.0, 0.0]
2019-10-24 16:03:42, [0.0, 0.0, 0.0, 86.16, 34.91, 13.77, 0.01, 0.0, 0.0]
2019-10-24 16:08:42, [0.0, 0.0, 0.0, 89.61, 33.25, 11.23, 0.0, 0.0, 0.0]
2019-10-24 16:13:42, [0.0, 0.0, 0.0, 85.74, 31.57, 10.49, 0.24, 0.02, 0.0]
2019-10-24 16:18:42, [0.0, 0.0, 0.0, 86.07, 37.16, 16.01, 0.0, 0.0, 0.0]
2019-10-24 16:23:42, [0.0, 0.0, 0.0, 112.07, 45.51, 17.86, 0.0, 0.0, 0.0]
2019-10-24 16:28:43, [0.0, 0.0, 0.0, 99.26, 34.08, 9.65, 0.0, 0.0, 0.0]
2019-10-24 16:33:43, [0.0, 0.0, 0.0, 101.77, 42.0, 16.98, 0.05, 0.0, 0.0]
2019-10-24 16:38:43, [0.0, 0.0, 0.0, 104.49, 42.97, 17.2, 0.24, 0.0, 0.0]
2019-10-24 16:43:43, [0.0, 0.0, 0.0, 124.82, 51.82, 20.93, 0.39, 0.0, 0.0]
2019-10-24 16:48:42, [0.0, 0.0, 0.0, 107.79, 45.03, 18.43, 0.0, 0.0, 0.0]
2019-10-24 16:53:42, [0.0, 0.0, 0.0, 100.88, 40.12, 15.25, 0.21, 0.0, 0.0]
2019-10-24 16:58:42, [0.0, 0.0, 0.0, 109.32, 43.47, 16.51, 0.0, 0.0, 0.0]
2019-10-24 17:03:42, [0.0, 0.0, 0.0, 93.4, 39.83, 16.83, 0.0, 0.0, 0.0]
2019-10-24 17:08:42, [0.0, 0.0, 0.0, 105.16, 40.67, 14.75, 0.11, 0.0, 0.0]
2019-10-24 17:13:42, [0.0, 0.0, 0.0, 105.41, 43.17, 17.19, 0.0, 0.0, 0.0]
2019-10-24 17:18:43, [0.0, 0.0, 0.0, 105.9, 48.17, 22.1, 0.22, 0.0, 0.0]
2019-10-24 17:23:43, [0.0, 0.0, 0.0, 101.27, 41.75, 16.84, 0.06, 0.0, 0.0]
2019-10-24 17:28:43, [0.0, 0.0, 0.0, 123.31, 50.38, 19.95, 0.61, 0.0, 0.0]
2019-10-24 17:33:43, [0.0, 0.0, 0.0, 127.06, 47.82, 16.52, 0.21, 0.04, 0.0]
2019-10-24 17:38:43, [0.0, 0.0, 0.0, 140.49, 54.15, 19.45, 0.1, 0.0, 0.0]
2019-10-24 17:43:42, [0.0, 0.0, 0.0, 127.85, 48.02, 16.42, 0.05, 0.0, 0.0]
2019-10-24 17:48:42, [0.0, 0.0, 0.0, 128.59, 49.98, 18.17, 0.23, 0.0, 0.0]
2019-10-24 17:53:42, [0.0, 0.0, 0.0, 148.97, 57.63, 20.78, 0.17, 0.0, 0.0]
2019-10-24 17:58:42, [0.0, 0.0, 0.0, 135.33, 53.12, 19.64, 0.17, 0.0, 0.0]
2019-10-24 18:03:43, [0.0, 0.0, 0.0, 124.61, 49.41, 18.66, 0.38, 0.0, 0.0]
2019-10-24 18:08:43, [0.0, 0.0, 0.0, 142.28, 56.93, 21.79, 0.04, 0.0, 0.0]
2019-10-24 18:13:43, [0.0, 0.0, 0.0, 140.24, 56.51, 21.77, 0.28, 0.0, 0.0]
2019-10-24 18:18:42, [0.0, 0.0, 0.0, 146.95, 58.65, 22.26, 0.01, 0.0, 0.0]
2019-10-24 18:23:42, [0.0, 0.0, 0.0, 140.21, 56.65, 22.02, 0.11, 0.0, 0.0]
2019-10-24 18:28:42, [0.0, 0.0, 0.0, 131.89, 55.73, 23.16, 0.08, 0.0, 0.0]
2019-10-24 18:33:42, [0.0, 0.0, 0.0, 136.38, 56.9, 23.2, 0.71, 0.0, 0.0]
2019-10-24 18:38:43, [0.0, 0.0, 0.0, 146.37, 57.95, 21.76, 0.4, 0.0, 0.0]
2019-10-24 18:43:42, [0.0, 0.0, 0.0, 127.09, 49.28, 17.86, 0.23, 0.0, 0.0]
2019-10-24 18:48:42, [0.0, 0.0, 0.0, 139.39, 58.74, 24.27, 0.59, 0.0, 0.0]
2019-10-24 18:53:42, [0.0, 0.0, 0.0, 120.95, 46.46, 16.61, 0.0, 0.0, 0.0]
2019-10-24 18:58:43, [0.0, 0.0, 0.0, 133.4, 54.12, 21.19, 0.17, 0.0, 0.0]
2019-10-24 19:03:42, [0.0, 0.0, 0.0, 143.69, 59.39, 23.85, 0.26, 0.0, 0.0]
2019-10-24 19:08:42, [0.0, 0.0, 0.0, 155.28, 62.07, 23.67, 0.83, 0.0, 0.0]
2019-10-24 19:13:43, [0.0, 0.0, 0.0, 142.57, 57.25, 21.97, 0.0, 0.0, 0.0]
2019-10-24 19:18:43, [0.0, 0.0, 0.0, 113.94, 47.65, 19.56, 0.14, 0.0, 0.0]
2019-10-24 19:23:42, [0.0, 0.0, 0.0, 105.23, 42.69, 16.72, 0.0, 0.0, 0.0]
2019-10-24 19:28:42, [0.0, 0.0, 0.0, 114.14, 47.99, 19.78, 0.02, 0.0, 0.0]
2019-10-24 19:33:42, [0.0, 0.0, 0.0, 108.79, 42.98, 16.18, 0.0, 0.0, 0.0]
2019-10-24 19:38:43, [0.0, 0.0, 0.0, 97.31, 41.32, 17.33, 0.02, 0.0, 0.0]
2019-10-24 19:43:43, [0.0, 0.0, 0.0, 106.34, 40.14, 13.95, 0.0, 0.0, 0.0]
2019-10-24 19:48:42, [0.0, 0.0, 0.0, 112.06, 43.44, 15.81, 0.0, 0.0, 0.0]
2019-10-24 19:53:42, [0.0, 0.0, 0.0, 93.05, 32.81, 9.97, 0.0, 0.0, 0.0]
2019-10-24 19:58:42, [0.0, 0.0, 0.0, 91.73, 39.72, 17.2, 0.0, 0.0, 0.0]
2019-10-24 20:03:43, [0.0, 0.0, 0.0, 103.06, 44.58, 19.23, 0.0, 0.0, 0.0]
2019-10-24 20:08:43, [0.0, 0.0, 0.0, 110.49, 45.04, 17.86, 0.08, 0.0, 0.0]
2019-10-24 20:13:42, [0.0, 0.0, 0.0, 98.83, 42.08, 17.78, 0.0, 0.0, 0.0]
2019-10-24 20:18:42, [0.0, 0.0, 0.0, 104.78, 41.85, 16.0, 0.0, 0.0, 0.0]
2019-10-24 20:23:43, [0.0, 0.0, 0.0, 105.09, 43.86, 17.91, 0.11, 0.0, 0.0]
2019-10-24 20:28:43, [0.0, 0.0, 0.0, 112.2, 49.08, 21.41, 0.16, 0.0, 0.0]
2019-10-24 20:33:42, [0.0, 0.0, 0.0, 112.47, 47.79, 20.04, 0.0, 0.0, 0.0]
2019-10-24 20:38:42, [0.0, 0.0, 0.0, 121.86, 50.06, 19.93, 0.29, 0.0, 0.0]
2019-10-24 20:43:43, [0.0, 0.0, 0.0, 108.22, 43.43, 16.76, 0.28, 0.0, 0.0]
2019-10-24 20:48:43, [0.0, 0.0, 0.0, 113.91, 47.7, 19.54, 0.05, 0.0, 0.0]
2019-10-24 20:53:42, [0.0, 0.0, 0.0, 115.56, 46.63, 18.09, 0.0, 0.0, 0.0]
2019-10-24 20:58:42, [0.0, 0.0, 0.0, 124.42, 50.29, 19.51, 0.03, 0.0, 0.0]
2019-10-24 21:03:43, [0.0, 0.0, 0.0, 108.28, 46.29, 19.64, 1.69, 0.0, 0.0]
2019-10-24 21:08:43, [0.0, 0.0, 0.0, 119.65, 49.14, 19.63, 0.02, 0.0, 0.0]
2019-10-24 21:13:42, [0.0, 0.0, 0.0, 119.39, 48.11, 18.61, 0.1, 0.0, 0.0]
2019-10-24 21:18:42, [0.0, 0.0, 0.0, 116.17, 47.42, 18.85, 0.0, 0.0, 0.0]
2019-10-24 21:23:43, [0.0, 0.0, 0.0, 119.52, 47.56, 18.04, 0.06, 0.0, 0.0]
2019-10-24 21:28:42, [0.0, 0.0, 0.0, 93.6, 39.42, 16.44, 0.06, 0.0, 0.0]
2019-10-24 21:33:42, [0.0, 0.0, 0.0, 107.72, 43.8, 17.25, 0.0, 0.0, 0.0]
2019-10-24 21:38:43, [0.0, 0.0, 0.0, 120.22, 49.59, 19.97, 0.05, 0.0, 0.0]
2019-10-24 21:43:43, [0.0, 0.0, 0.0, 106.29, 41.15, 14.92, 0.0, 0.0, 0.0]
2019-10-24 21:48:42, [0.0, 0.0, 0.0, 102.25, 42.21, 17.05, 0.0, 0.0, 0.0]
2019-10-24 21:53:42, [0.0, 0.0, 0.0, 106.73, 43.01, 16.69, 0.0, 0.0, 0.0]
2019-10-24 21:58:43, [0.0, 0.0, 0.0, 97.0, 37.07, 13.16, 0.0, 0.0, 0.0]
2019-10-24 22:03:42, [0.0, 0.0, 0.0, 104.51, 41.72, 15.92, 0.32, 0.0, 0.0]
2019-10-24 22:08:42, [0.0, 0.0, 0.0, 113.22, 43.5, 15.59, 0.14, 0.0, 0.0]
2019-10-24 22:13:43, [0.0, 0.0, 0.0, 92.57, 39.91, 17.06, 0.0, 0.0, 0.0]
2019-10-24 22:18:43, [0.0, 0.0, 0.0, 111.7, 47.55, 19.99, 0.07, 0.0, 0.0]
2019-10-24 22:23:42, [0.0, 0.0, 0.0, 98.37, 38.59, 14.32, 0.02, 0.0, 0.0]
2019-10-24 22:28:42, [0.0, 0.0, 0.0, 106.02, 43.45, 17.32, 0.32, 0.0, 0.0]
2019-10-24 22:33:43, [0.0, 0.0, 0.0, 105.68, 45.87, 19.82, 0.14, 0.0, 0.0]
2019-10-24 22:38:42, [0.0, 0.0, 0.0, 115.04, 46.72, 18.32, 0.78, 0.0, 0.0]
2019-10-24 22:43:42, [0.0, 0.0, 0.0, 100.05, 40.47, 15.86, 0.04, 0.0, 0.0]
2019-10-24 22:48:43, [0.0, 0.0, 0.0, 121.15, 51.47, 21.57, 0.23, 0.0, 0.0]
2019-10-24 22:53:43, [0.0, 0.0, 0.0, 110.29, 43.53, 16.33, 0.07, 0.0, 0.0]
2019-10-24 22:58:42, [0.0, 0.0, 0.0, 113.88, 43.61, 15.5, 0.04, 0.0, 0.0]
2019-10-24 23:03:42, [0.0, 0.0, 0.0, 125.11, 51.63, 20.7, 0.13, 0.0, 0.0]
2019-10-24 23:08:43, [0.0, 0.0, 0.0, 111.82, 42.09, 14.54, 0.03, 0.0, 0.0]
2019-10-24 23:13:42, [0.0, 0.0, 0.0, 116.03, 43.32, 14.78, 0.0, 0.0, 0.0]
2019-10-24 23:18:42, [0.0, 0.0, 0.0, 106.14, 42.56, 16.39, 0.07, 0.0, 0.0]
2019-10-24 23:23:43, [0.0, 0.0, 0.0, 98.22, 41.1, 16.91, 0.0, 0.0, 0.0]
2019-10-24 23:28:43, [0.0, 0.0, 0.0, 109.52, 45.87, 18.9, 0.04, 0.0, 0.0]
2019-10-24 23:33:43, [0.0, 0.0, 0.0, 117.03, 46.68, 17.78, 0.0, 0.0, 0.0]
2019-10-24 23:38:42, [0.0, 0.0, 0.0, 123.08, 52.16, 21.78, 0.0, 0.0, 0.0]
2019-10-24 23:43:42, [0.0, 0.0, 0.0, 122.71, 47.51, 17.24, 0.02, 0.0, 0.0]
2019-10-24 23:48:42, [0.0, 0.0, 0.0, 105.21, 45.14, 19.19, 0.0, 0.0, 0.0]
2019-10-24 23:53:42, [0.0, 0.0, 0.0, 120.21, 49.48, 19.8, 0.08, 0.0, 0.0]
2019-10-24 23:58:42, [0.0, 0.0, 0.0, 115.41, 49.04, 20.58, 0.14, 0.0, 0.0]
2019-10-25 00:03:42, [0.0, 0.0, 0.0, 107.67, 45.4, 18.81, 0.07, 0.0, 0.0]
2019-10-25 00:08:42, [0.0, 0.0, 0.0, 113.4, 45.86, 17.84, 0.11, 0.0, 0.0]
2019-10-25 00:13:42, [0.0, 0.0, 0.0, 127.68, 53.22, 21.64, 0.0, 0.0, 0.0]
2019-10-25 00:18:43, [0.0, 0.0, 0.0, 118.05, 50.24, 21.1, 0.11, 0.0, 0.0]
2019-10-25 00:23:43, [0.0, 0.0, 0.0, 137.04, 55.62, 21.72, 0.36, 0.0, 0.0]
2019-10-25 00:28:43, [0.0, 0.0, 0.0, 121.32, 49.47, 19.5, 0.13, 0.0, 0.0]
2019-10-25 00:33:43, [0.0, 0.0, 0.0, 127.59, 51.93, 20.39, 0.0, 0.0, 0.0]
2019-10-25 00:38:42, [0.0, 0.0, 0.0, 147.09, 56.62, 20.24, 0.16, 0.0, 0.0]
2019-10-25 00:43:42, [0.0, 0.0, 0.0, 140.17, 57.25, 22.57, 0.09, 0.0, 0.0]
2019-10-25 00:48:42, [0.0, 0.0, 0.0, 130.51, 52.38, 20.13, 0.0, 0.0, 0.0]
2019-10-25 00:53:43, [0.0, 0.0, 0.0, 131.79, 51.98, 19.38, 0.11, 0.0, 0.0]
2019-10-25 00:58:43, [0.0, 0.0, 0.0, 127.68, 50.88, 19.33, 0.12, 0.0, 0.0]
2019-10-25 01:03:42, [0.0, 0.0, 0.0, 135.73, 53.76, 20.21, 0.22, 0.0, 0.0]
2019-10-25 01:08:42, [0.0, 0.0, 0.0, 137.14, 55.16, 21.27, 0.0, 0.0, 0.0]
2019-10-25 01:13:42, [0.0, 0.0, 0.0, 134.09, 56.06, 22.98, 0.0, 0.0, 0.0]
2019-10-25 01:18:43, [0.0, 0.0, 0.0, 126.02, 50.32, 19.2, 0.46, 0.0, 0.0]
2019-10-25 01:23:43, [0.0, 0.0, 0.0, 129.4, 52.79, 20.8, 0.23, 0.0, 0.0]
2019-10-25 01:28:43, [0.0, 0.0, 0.0, 165.06, 60.87, 19.94, 0.05, 0.0, 0.0]
2019-10-25 01:33:42, [0.0, 0.0, 0.0, 134.16, 53.7, 20.57, 0.05, 0.0, 0.0]
2019-10-25 01:38:42, [0.0, 0.0, 0.0, 135.97, 52.78, 19.15, 0.04, 0.0, 0.0]
2019-10-25 01:43:42, [0.0, 0.0, 0.0, 139.03, 54.15, 19.79, 0.0, 0.0, 0.0]
2019-10-25 01:48:43, [0.0, 0.0, 0.0, 142.42, 56.91, 21.7, 0.22, 0.0, 0.0]
2019-10-25 01:53:43, [0.0, 0.0, 0.0, 141.12, 57.01, 22.14, 0.08, 0.0, 0.0]
2019-10-25 01:58:43, [0.0, 0.0, 0.0, 136.0, 54.8, 21.14, 0.0, 0.0, 0.0]
2019-10-25 02:03:42, [0.0, 0.0, 0.0, 132.2, 53.77, 21.07, 0.01, 0.0, 0.0]
2019-10-25 02:08:42, [0.0, 0.0, 0.0, 128.25, 54.33, 22.59, 0.0, 0.0, 0.0]
2019-10-25 02:13:42, [0.0, 0.0, 0.0, 127.91, 50.8, 19.17, 0.07, 0.0, 0.0]
2019-10-25 02:18:42, [0.0, 0.0, 0.0, 151.05, 60.55, 23.14, 0.47, 0.0, 0.0]
2019-10-25 02:23:43, [0.0, 0.0, 0.0, 151.49, 58.77, 21.26, 0.38, 0.0, 0.0]
2019-10-25 02:28:43, [0.0, 0.0, 0.0, 133.11, 53.61, 20.72, 0.03, 0.0, 0.0]
2019-10-25 02:33:43, [0.0, 0.0, 0.0, 146.64, 54.22, 17.96, 0.0, 0.0, 0.0]
2019-10-25 02:38:42, [0.0, 0.0, 0.0, 131.98, 60.85, 28.2, 0.39, 0.0, 0.0]
2019-10-25 02:43:42, [0.0, 0.0, 0.0, 129.06, 52.03, 20.15, 0.03, 0.0, 0.0]
2019-10-25 02:48:42, [0.0, 0.0, 0.0, 127.09, 53.41, 22.02, 0.13, 0.0, 0.0]
2019-10-25 02:53:42, [0.0, 0.0, 0.0, 114.01, 46.65, 18.57, 0.0, 0.0, 0.0]
2019-10-25 02:58:42, [0.0, 0.0, 0.0, 121.32, 44.44, 14.49, 0.0, 0.0, 0.0]
2019-10-25 03:03:43, [0.0, 0.0, 0.0, 129.41, 50.34, 18.33, 0.0, 0.0, 0.0]
2019-10-25 03:08:43, [0.0, 0.0, 0.0, 140.02, 56.78, 22.21, 0.16, 0.0, 0.0]
2019-10-25 03:13:43, [0.0, 0.0, 0.0, 130.92, 53.15, 20.83, 0.13, 0.0, 0.0]
2019-10-25 03:18:43, [0.0, 0.0, 0.0, 133.33, 54.65, 21.74, 0.2, 0.0, 0.0]
2019-10-25 03:23:43, [0.0, 0.0, 0.0, 115.29, 47.61, 19.19, 0.15, 0.0, 0.0]
2019-10-25 03:28:42, [0.0, 0.0, 0.0, 132.11, 53.67, 20.99, 0.56, 0.0, 0.0]
2019-10-25 03:33:42, [0.0, 0.0, 0.0, 139.17, 55.51, 21.06, 0.24, 0.0, 0.0]
2019-10-25 03:38:42, [0.0, 0.0, 0.0, 140.58, 57.65, 22.89, 0.35, 0.0, 0.0]
2019-10-25 03:43:42, [0.0, 0.0, 0.0, 132.25, 52.34, 19.63, 0.22, 0.0, 0.0]
2019-10-25 03:48:43, [0.0, 0.0, 0.0, 140.72, 59.18, 24.39, 1.44, 0.0, 0.0]
2019-10-25 03:53:43, [0.0, 0.0, 0.0, 114.55, 49.91, 21.65, 0.21, 0.0, 0.0]
2019-10-25 03:58:43, [0.0, 0.0, 0.0, 128.51, 58.23, 26.51, 0.45, 0.0, 0.0]
2019-10-25 04:03:43, [0.0, 0.0, 0.0, 120.26, 49.38, 19.71, 0.51, 0.0, 0.0]
2019-10-25 04:08:43, [0.0, 0.0, 0.0, 134.88, 56.53, 23.21, 2.59, 0.0, 0.0]
2019-10-25 04:13:43, [0.0, 0.0, 0.0, 120.84, 53.23, 23.35, 0.24, 0.0, 0.0]
2019-10-25 04:18:42, [0.0, 0.0, 0.0, 126.27, 49.04, 17.85, 0.28, 0.0, 0.0]
2019-10-25 04:23:42, [0.0, 0.0, 0.0, 158.86, 64.64, 25.26, 0.59, 0.0, 0.0]
2019-10-25 04:28:42, [0.0, 0.0, 0.0, 124.39, 53.24, 22.51, 0.0, 0.0, 0.0]
2019-10-25 04:33:42, [0.0, 0.0, 0.0, 139.84, 57.62, 23.0, 0.36, 0.0, 0.0]
2019-10-25 04:38:42, [0.0, 0.0, 0.0, 170.62, 64.52, 22.24, 0.36, 0.0, 0.0]
2019-10-25 04:43:42, [0.0, 0.0, 0.0, 182.59, 72.76, 27.43, 1.25, 0.0, 0.0]
2019-10-25 04:48:42, [0.0, 0.0, 0.0, 123.2, 54.71, 24.3, 1.01, 0.0, 0.0]
2019-10-25 04:53:42, [0.0, 0.0, 0.0, 135.36, 57.6, 24.12, 0.41, 0.0, 0.0]
2019-10-25 04:58:43, [0.0, 0.0, 0.0, 164.14, 66.93, 26.26, 0.66, 0.0, 0.0]
2019-10-25 05:03:43, [0.0, 0.0, 0.0, 141.01, 57.39, 22.51, 0.47, 0.0, 0.0]
2019-10-25 05:08:43, [0.0, 0.0, 0.0, 145.96, 64.38, 28.22, 1.55, 0.0, 0.0]
2019-10-25 05:13:43, [0.0, 0.0, 0.0, 159.91, 64.88, 25.26, 3.31, 0.0, 0.0]
2019-10-25 05:18:42, [0.0, 0.0, 0.0, 139.42, 58.38, 23.87, 0.68, 0.0, 0.0]
2019-10-25 05:23:42, [0.0, 0.0, 0.0, 139.52, 55.98, 21.44, 0.45, 0.0, 0.0]
2019-10-25 05:28:42, [0.0, 0.0, 0.0, 143.47, 60.64, 25.13, 1.15, 0.08, 0.0]
2019-10-25 05:33:42, [0.0, 0.0, 0.0, 138.0, 58.11, 23.94, 0.48, 0.0, 0.0]
2019-10-25 05:38:42, [0.0, 0.0, 0.0, 136.96, 58.08, 24.26, 0.92, 0.0, 0.0]
2019-10-25 05:43:43, [0.0, 0.0, 0.0, 156.41, 63.22, 24.42, 1.08, 0.0, 0.0]
2019-10-25 05:48:43, [0.0, 0.0, 0.0, 167.79, 66.77, 25.2, 0.62, 0.0, 0.0]
2019-10-25 05:53:43, [0.0, 0.0, 0.0, 153.88, 64.45, 26.37, 0.43, 0.0, 0.0]
2019-10-25 05:58:42, [0.0, 0.0, 0.0, 148.98, 59.82, 22.98, 0.38, 0.0, 0.0]
2019-10-25 06:03:42, [0.0, 0.0, 0.0, 160.66, 65.3, 25.46, 0.8, 0.0, 0.0]
2019-10-25 06:08:42, [0.59, 1.0, 1.23, 314.34, 126.25, 48.03, 1.39, 0.0, 0.0]
2019-10-25 06:13:42, [0.84, 1.58, 1.78, 406.09, 155.55, 54.43, 1.28, 0.0, 0.0]
2019-10-25 06:18:42, [0.0, 0.16, 0.26, 238.41, 95.59, 36.28, 2.14, 0.0, 0.0]
2019-10-25 06:23:42, [0.0, 0.0, 0.0, 165.46, 65.53, 24.52, 0.49, 0.0, 0.0]
2019-10-25 06:28:42, [0.0, 0.0, 0.0, 227.49, 84.91, 28.41, 1.54, 0.05, 0.0]
2019-10-25 06:33:42, [0.0, 0.0, 0.0, 164.88, 65.14, 24.29, 0.75, 0.0, 0.0]
2019-10-25 06:38:42, [0.0, 0.0, 0.0, 158.96, 65.29, 25.9, 0.52, 0.0, 0.0]
2019-10-25 06:43:42, [0.0, 0.0, 0.0, 158.76, 67.02, 27.65, 0.64, 0.0, 0.0]
2019-10-25 06:48:43, [0.0, 0.0, 0.0, 166.37, 65.5, 24.27, 0.26, 0.0, 0.0]
2019-10-25 06:53:43, [0.0, 0.0, 0.0, 156.57, 65.04, 26.27, 1.15, 0.0, 0.0]
2019-10-25 06:58:43, [0.0, 0.0, 0.0, 186.36, 70.68, 24.44, 0.77, 0.0, 0.0]
2019-10-25 07:03:43, [0.0, 0.0, 0.0, 197.77, 78.29, 29.25, 0.71, 0.0, 0.0]
2019-10-25 07:08:43, [0.0, 0.0, 0.0, 184.49, 72.43, 26.73, 1.16, 0.0, 0.0]
2019-10-25 07:13:43, [0.0, 0.0, 0.0, 150.57, 61.11, 23.77, 0.31, 0.0, 0.0]
2019-10-25 07:18:43, [0.0, 0.0, 0.0, 149.93, 63.52, 26.35, 0.52, 0.0, 0.0]
2019-10-25 07:23:43, [0.0, 0.0, 0.0, 151.34, 66.04, 28.59, 3.59, 0.0, 0.0]
2019-10-25 07:28:43, [0.0, 0.0, 0.0, 166.62, 65.29, 24.04, 1.59, 0.02, 0.0]
2019-10-25 07:33:42, [0.0, 0.0, 0.0, 171.06, 72.9, 30.51, 0.88, 0.0, 0.0]
2019-10-25 07:38:42, [0.0, 0.0, 0.0, 165.52, 62.04, 21.13, 0.47, 0.0, 0.0]
2019-10-25 07:43:42, [0.0, 0.0, 0.0, 159.65, 68.25, 28.74, 1.1, 0.0, 0.0]
2019-10-25 07:48:42, [0.0, 0.0, 0.0, 146.7, 60.49, 24.2, 0.87, 0.0, 0.0]
2019-10-25 07:53:42, [0.0, 0.0, 0.0, 175.2, 71.89, 28.49, 1.14, 0.0, 0.0]
2019-10-25 07:58:42, [0.0, 0.0, 0.0, 155.3, 64.04, 25.59, 0.7, 0.0, 0.0]
2019-10-25 08:03:42, [0.0, 0.0, 0.0, 150.83, 61.93, 24.58, 0.35, 0.0, 0.0]
2019-10-25 08:08:42, [0.0, 0.0, 0.0, 137.39, 58.51, 24.52, 0.85, 0.0, 0.0]
2019-10-25 08:13:42, [0.0, 0.0, 0.0, 161.61, 62.53, 22.47, 0.76, 0.0, 0.0]
2019-10-25 08:18:42, [0.0, 0.0, 0.0, 129.36, 53.6, 21.65, 0.75, 0.14, 0.0]
2019-10-25 08:23:42, [0.0, 0.0, 0.0, 142.83, 55.4, 20.02, 0.12, 0.0, 0.0]
2019-10-25 08:28:42, [0.0, 0.0, 0.0, 150.21, 59.22, 22.09, 0.29, 0.0, 0.0]
2019-10-25 08:33:43, [0.05, 0.14, 0.19, 257.07, 93.52, 29.65, 1.02, 0.0, 0.0]
2019-10-25 08:38:43, [0.0, 0.0, 0.0, 205.7, 81.65, 30.61, 0.39, 0.0, 0.0]
2019-10-25 08:43:43, [0.0, 0.0, 0.0, 166.71, 65.78, 24.48, 0.46, 0.0, 0.0]
2019-10-25 08:48:43, [0.0, 0.0, 0.0, 150.01, 62.63, 25.48, 1.11, 0.0, 0.0]
2019-10-25 08:53:43, [0.0, 0.0, 0.0, 149.0, 60.86, 24.0, 0.53, 0.0, 0.0]
2019-10-25 08:58:43, [0.0, 0.0, 0.0, 131.2, 55.42, 22.97, 0.23, 0.0, 0.0]
2019-10-25 09:03:43, [0.0, 0.0, 0.0, 136.25, 55.37, 21.72, 0.5, 0.0, 0.0]
2019-10-25 09:08:43, [0.0, 0.0, 0.0, 189.46, 71.87, 24.84, 0.83, 0.0, 0.0]
2019-10-25 09:13:43, [0.0, 0.0, 0.0, 147.93, 59.8, 23.2, 0.33, 0.0, 0.0]
2019-10-25 09:18:43, [0.0, 0.0, 0.0, 160.32, 64.05, 24.37, 0.82, 0.0, 0.0]
2019-10-25 09:23:43, [0.0, 0.0, 0.0, 127.55, 52.27, 20.77, 0.35, 0.0, 0.0]
2019-10-25 09:28:43, [0.0, 0.0, 0.0, 126.58, 48.82, 17.61, 0.25, 0.0, 0.0]
2019-10-25 09:33:43, [0.0, 0.0, 0.0, 145.77, 61.85, 25.79, 1.43, 0.0, 0.0]
2019-10-25 09:38:43, [0.0, 0.0, 0.0, 132.1, 53.64, 20.98, 0.58, 0.0, 0.0]
2019-10-25 09:43:43, [0.0, 0.0, 0.0, 137.96, 56.19, 22.12, 0.17, 0.0, 0.0]
2019-10-25 09:48:43, [0.0, 0.0, 0.0, 113.63, 50.54, 22.51, 0.63, 0.0, 0.0]
2019-10-25 09:53:43, [0.0, 0.0, 0.0, 140.89, 59.22, 24.37, 0.87, 0.0, 0.0]
2019-10-25 09:58:43, [0.0, 0.0, 0.0, 131.7, 55.42, 22.86, 0.29, 0.0, 0.0]
2019-10-25 10:03:43, [0.0, 0.0, 0.0, 133.34, 55.03, 22.09, 0.42, 0.0, 0.0]
2019-10-25 10:08:43, [0.0, 0.0, 0.0, 130.4, 55.81, 23.65, 0.68, 0.0, 0.0]
2019-10-25 10:13:43, [0.0, 0.0, 0.0, 145.85, 64.11, 28.01, 1.04, 0.0, 0.0]
2019-10-25 10:18:43, [0.0, 0.0, 0.0, 126.62, 53.44, 22.19, 0.42, 0.0, 0.0]
2019-10-25 10:23:42, [0.0, 0.0, 0.0, 129.08, 53.58, 21.65, 0.29, 0.0, 0.0]
2019-10-25 10:28:42, [0.0, 0.0, 0.0, 113.68, 47.56, 19.51, 0.08, 0.0, 0.0]
2019-10-25 10:33:42, [0.0, 0.0, 0.0, 120.44, 52.45, 22.72, 0.23, 0.0, 0.0]
2019-10-25 10:38:42, [0.0, 0.0, 0.0, 141.34, 60.95, 25.97, 0.9, 0.0, 0.0]
2019-10-25 10:43:42, [0.0, 0.0, 0.0, 143.08, 58.63, 23.25, 1.01, 0.0, 0.0]
2019-10-25 10:48:42, [0.0, 0.0, 0.0, 120.5, 50.02, 20.29, 0.0, 0.0, 0.0]
2019-10-25 10:53:42, [0.0, 0.0, 0.0, 125.91, 53.21, 22.05, 0.27, 0.0, 0.0]
2019-10-25 10:58:42, [0.0, 0.0, 0.0, 118.17, 50.37, 21.21, 0.37, 0.0, 0.0]
2019-10-25 11:03:43, [0.0, 0.0, 0.0, 141.26, 58.08, 23.16, 0.47, 0.0, 0.0]
2019-10-25 11:08:43, [0.0, 0.0, 0.0, 133.74, 53.37, 20.31, 0.42, 0.0, 0.0]
2019-10-25 11:13:43, [0.0, 0.0, 0.0, 122.31, 51.46, 21.27, 0.18, 0.0, 0.0]
2019-10-25 11:18:43, [0.0, 0.0, 0.0, 118.58, 47.06, 17.84, 0.15, 0.0, 0.0]
2019-10-25 11:23:42, [0.0, 0.0, 0.0, 129.18, 53.41, 21.48, 0.0, 0.0, 0.0]
2019-10-25 11:28:42, [0.0, 0.0, 0.0, 125.88, 53.2, 22.12, 0.33, 0.0, 0.0]
2019-10-25 11:33:42, [0.0, 0.0, 0.0, 154.38, 64.33, 26.09, 0.88, 0.0, 0.0]
2019-10-25 11:38:42, [0.0, 0.0, 0.0, 135.09, 54.87, 21.48, 0.46, 0.0, 0.0]
2019-10-25 11:43:42, [0.0, 0.0, 0.0, 121.53, 47.8, 17.82, 0.01, 0.0, 0.0]
2019-10-25 11:48:42, [0.0, 0.0, 0.0, 119.13, 49.42, 20.03, 0.0, 0.0, 0.0]
2019-10-25 11:53:42, [0.0, 0.0, 0.0, 142.53, 57.42, 22.17, 0.08, 0.0, 0.0]
2019-10-25 11:58:42, [0.0, 0.0, 0.0, 133.86, 53.38, 20.27, 1.72, 0.0, 0.0]
2019-10-25 12:03:43, [0.0, 0.0, 0.0, 134.86, 56.32, 23.03, 0.43, 0.0, 0.0]
2019-10-25 12:08:43, [0.0, 0.0, 0.0, 140.29, 60.9, 26.22, 0.0, 0.0, 0.0]
2019-10-25 12:13:43, [0.0, 0.0, 0.0, 129.2, 54.01, 22.08, 0.13, 0.0, 0.0]
2019-10-25 12:18:43, [0.0, 0.0, 0.0, 137.96, 56.03, 21.9, 0.11, 0.0, 0.0]
2019-10-25 12:23:43, [0.0, 0.0, 0.0, 143.88, 57.59, 22.0, 0.25, 0.0, 0.0]
2019-10-25 12:28:43, [0.0, 0.0, 0.0, 129.7, 54.0, 21.93, 0.49, 0.0, 0.0]
2019-10-25 12:33:43, [0.0, 0.0, 0.0, 132.33, 50.9, 18.27, 0.15, 0.0, 0.0]
2019-10-25 12:38:43, [0.0, 0.0, 0.0, 110.4, 44.12, 16.9, 0.09, 0.0, 0.0]
2019-10-25 12:43:42, [0.0, 0.0, 0.0, 131.01, 54.82, 22.48, 0.0, 0.0, 0.0]
2019-10-25 12:48:42, [0.0, 0.0, 0.0, 122.28, 49.66, 19.47, 0.0, 0.0, 0.0]
2019-10-25 12:53:42, [0.0, 0.0, 0.0, 111.37, 48.17, 20.74, 0.0, 0.0, 0.0]
2019-10-25 12:58:42, [0.0, 0.0, 0.0, 118.96, 50.25, 20.86, 0.01, 0.0, 0.0]
2019-10-25 13:03:42, [0.0, 0.0, 0.0, 111.54, 48.14, 20.65, 0.39, 0.0, 0.0]
2019-10-25 13:08:42, [0.0, 0.0, 0.0, 115.49, 48.3, 19.8, 0.19, 0.0, 0.0]
2019-10-25 13:13:42, [0.0, 0.0, 0.0, 114.28, 46.4, 18.13, 0.0, 0.0, 0.0]
2019-10-25 13:18:42, [0.0, 0.0, 0.0, 106.59, 42.11, 15.84, 0.01, 0.0, 0.0]
2019-10-25 13:23:43, [0.0, 0.0, 0.0, 100.88, 45.18, 20.3, 0.05, 0.0, 0.0]
2019-10-25 13:28:43, [0.0, 0.0, 0.0, 107.5, 46.71, 20.18, 0.0, 0.0, 0.0]
2019-10-25 13:33:43, [0.0, 0.0, 0.0, 101.77, 41.22, 16.18, 0.11, 0.0, 0.0]
2019-10-25 13:38:43, [0.0, 0.0, 0.0, 116.24, 51.58, 22.88, 0.01, 0.0, 0.0]
2019-10-25 13:43:43, [0.0, 0.0, 0.0, 107.21, 44.13, 17.69, 0.07, 0.0, 0.0]
2019-10-25 13:48:42, [0.0, 0.0, 0.0, 101.75, 42.93, 17.86, 0.16, 0.0, 0.0]
2019-10-25 13:53:42, [0.0, 0.0, 0.0, 115.79, 49.35, 20.81, 0.0, 0.0, 0.0]
2019-10-25 13:58:42, [0.0, 0.0, 0.0, 119.28, 46.67, 17.21, 0.0, 0.0, 0.0]
2019-10-25 14:03:42, [0.0, 0.0, 0.0, 118.01, 48.57, 19.4, 0.0, 0.0, 0.0]
2019-10-25 14:08:42, [0.0, 0.0, 0.0, 125.25, 52.05, 21.1, 0.04, 0.0, 0.0]
2019-10-25 14:13:42, [0.0, 0.0, 0.0, 121.45, 49.43, 19.48, 0.0, 0.0, 0.0]
2019-10-25 14:18:43, [0.0, 0.0, 0.0, 107.64, 46.28, 19.78, 0.0, 0.0, 0.0]
2019-10-25 14:23:43, [0.0, 0.0, 0.0, 109.72, 46.46, 19.41, 0.16, 0.0, 0.0]
2019-10-25 14:28:43, [0.0, 0.0, 0.0, 110.59, 46.87, 19.65, 0.0, 0.0, 0.0]
2019-10-25 14:33:42, [0.0, 0.0, 0.0, 185.65, 74.38, 28.32, 0.9, 0.0, 0.0]
2019-10-25 14:38:42, [0.0, 0.0, 0.0, 237.53, 93.39, 34.34, 2.87, 0.0, 0.0]
2019-10-25 14:43:42, [0.0, 0.0, 0.0, 262.84, 105.79, 40.51, 2.65, 0.14, 0.0]
2019-10-25 14:48:42, [0.0, 0.0, 0.0, 215.4, 86.22, 32.71, 0.98, 0.0, 0.0]
2019-10-25 14:53:43, [0.0, 0.0, 0.0, 226.26, 93.57, 37.36, 1.51, 0.06, 0.0]
2019-10-25 14:58:42, [0.0, 0.0, 0.0, 249.47, 95.94, 33.96, 1.14, 0.0, 0.0]
2019-10-25 15:03:42, [0.0, 0.0, 0.0, 240.36, 92.84, 33.16, 1.34, 0.0, 0.0]
2019-10-25 15:08:43, [0.0, 0.0, 0.0, 232.34, 91.04, 33.29, 1.67, 0.0, 0.0]
2019-10-25 15:13:43, [0.0, 0.0, 0.0, 225.58, 86.87, 30.81, 0.36, 0.0, 0.0]
2019-10-25 15:18:42, [0.0, 0.0, 0.0, 229.43, 89.38, 32.42, 1.04, 0.0, 0.0]
2019-10-25 15:23:42, [0.0, 0.0, 0.0, 240.74, 89.83, 30.01, 1.43, 0.0, 0.0]
2019-10-25 15:28:43, [0.0, 0.0, 0.0, 195.11, 77.76, 29.35, 3.12, 0.0, 0.0]
2019-10-25 15:33:42, [0.0, 0.0, 0.0, 215.44, 81.98, 28.5, 0.65, 0.0, 0.0]
2019-10-25 15:38:42, [0.0, 0.0, 0.0, 246.03, 94.0, 32.88, 0.97, 0.0, 0.0]
2019-10-25 15:43:43, [0.0, 0.0, 0.0, 233.19, 92.5, 34.57, 0.75, 0.0, 0.0]
2019-10-25 15:48:42, [0.0, 0.0, 0.0, 245.13, 101.58, 40.67, 1.34, 0.0, 0.0]
2019-10-25 15:53:43, [0.0, 0.0, 0.0, 237.76, 94.5, 35.42, 1.69, 0.0, 0.0]
2019-10-25 15:58:43, [0.0, 0.0, 0.0, 219.85, 85.73, 31.1, 0.94, 0.0, 0.0]
2019-10-25 16:03:42, [0.0, 0.0, 0.0, 259.11, 102.43, 38.03, 1.57, 0.0, 0.0]
2019-10-25 16:08:43, [0.0, 0.0, 0.0, 220.63, 88.29, 33.46, 1.41, 0.0, 0.0]
2019-10-25 16:13:42, [0.0, 0.0, 0.0, 217.49, 86.77, 32.79, 1.19, 0.0, 0.0]
2019-10-25 16:18:42, [0.0, 0.0, 0.0, 227.59, 90.96, 34.47, 0.87, 0.0, 0.0]
2019-10-25 16:23:43, [0.0, 0.0, 0.0, 233.45, 93.78, 35.82, 0.93, 0.0, 0.0]
2019-10-25 16:28:42, [0.0, 0.0, 0.0, 276.6, 106.04, 37.24, 2.03, 0.0, 0.0]
2019-10-25 16:33:43, [0.0, 0.0, 0.0, 267.4, 108.91, 42.44, 0.82, 0.0, 0.0]
2019-10-25 16:38:42, [0.0, 0.0, 0.0, 274.44, 104.37, 36.12, 1.89, 0.0, 0.0]
2019-10-25 16:43:42, [0.0, 0.0, 0.0, 268.3, 106.01, 39.31, 3.96, 0.0, 0.0]
2019-10-25 16:48:43, [0.0, 0.0, 0.0, 256.8, 100.24, 36.42, 4.63, 0.0, 0.0]
2019-10-25 16:53:42, [0.0, 0.03, 0.07, 291.26, 115.55, 43.08, 3.75, 0.09, 0.0]
2019-10-25 16:58:43, [0.0, 0.0, 0.0, 306.97, 119.65, 43.3, 2.12, 0.0, 0.0]
2019-10-25 17:03:42, [0.0, 0.0, 0.0, 277.25, 108.57, 39.62, 2.74, 0.0, 0.0]
2019-10-25 17:08:43, [0.0, 0.0, 0.0, 254.77, 105.57, 42.28, 2.69, 0.0, 0.0]
2019-10-25 17:13:42, [0.0, 0.0, 0.0, 229.92, 89.93, 32.82, 2.11, 0.0, 0.0]
2019-10-25 17:18:42, [0.0, 0.0, 0.0, 224.55, 86.2, 30.43, 1.35, 0.0, 0.0]
2019-10-25 17:23:43, [0.0, 0.0, 0.0, 218.32, 83.9, 29.65, 1.0, 0.0, 0.0]
2019-10-25 17:28:42, [0.0, 0.0, 0.0, 226.67, 88.36, 32.07, 1.2, 0.0, 0.0]
2019-10-25 17:33:42, [0.0, 0.0, 0.0, 198.35, 77.9, 28.69, 2.39, 0.0, 0.0]
2019-10-25 17:38:43, [0.0, 0.0, 0.0, 214.67, 81.52, 28.25, 1.02, 0.0, 0.0]
2019-10-25 17:43:42, [0.0, 0.0, 0.0, 188.35, 72.68, 25.95, 0.37, 0.0, 0.0]
2019-10-25 17:48:43, [0.0, 0.0, 0.0, 266.52, 108.06, 41.81, 1.47, 0.0, 0.0]
2019-10-25 17:53:42, [0.0, 0.0, 0.0, 306.91, 118.3, 41.9, 2.24, 0.0, 0.0]
2019-10-25 17:58:43, [0.0, 0.0, 0.0, 276.22, 113.09, 44.42, 1.89, 0.0, 0.0]
2019-10-25 18:03:42, [0.0, 0.0, 0.0, 271.1, 111.59, 44.23, 1.43, 0.0, 0.0]
2019-10-25 18:08:42, [0.0, 0.0, 0.0, 261.8, 106.99, 41.94, 2.28, 0.04, 0.0]
2019-10-25 18:13:43, [0.0, 0.0, 0.0, 268.53, 103.63, 36.84, 1.52, 0.0, 0.0]
2019-10-25 18:18:42, [0.0, 0.0, 0.0, 334.41, 130.08, 46.84, 2.12, 0.0, 0.0]
2019-10-25 18:23:43, [0.0, 0.0, 0.0, 316.14, 123.63, 45.01, 3.56, 0.0, 0.0]
2019-10-25 18:28:42, [0.0, 0.0, 0.0, 298.85, 113.97, 39.62, 1.0, 0.0, 0.0]
2019-10-25 18:33:43, [0.0, 0.0, 0.0, 277.41, 104.88, 35.91, 2.01, 0.0, 0.0]
2019-10-25 18:38:42, [0.0, 0.0, 0.0, 307.59, 115.55, 39.04, 1.71, 0.0, 0.0]
2019-10-25 18:43:42, [0.0, 0.0, 0.0, 282.3, 110.96, 40.73, 5.38, 0.0, 0.0]
2019-10-25 18:48:43, [0.0, 0.0, 0.0, 287.18, 114.42, 42.98, 3.41, 0.0, 0.0]
2019-10-25 18:53:42, [0.0, 0.0, 0.0, 314.66, 120.05, 41.74, 2.77, 0.0, 0.0]
2019-10-25 18:58:43, [0.0, 0.0, 0.0, 327.75, 125.75, 44.18, 3.93, 0.0, 0.0]
2019-10-25 19:03:42, [0.0, 0.0, 0.0, 323.24, 130.36, 49.94, 6.25, 0.0, 0.0]
2019-10-25 19:08:43, [0.0, 0.0, 0.0, 341.03, 131.44, 46.56, 3.88, 0.0, 0.0]
2019-10-25 19:13:42, [0.0, 0.05, 0.05, 356.25, 139.57, 50.85, 4.21, 0.0, 0.0]
2019-10-25 19:18:43, [0.0, 0.0, 0.0, 326.58, 125.68, 44.38, 5.11, 0.0, 0.0]
2019-10-25 19:23:42, [0.0, 0.0, 0.0, 340.62, 138.31, 53.55, 5.52, 0.0, 0.0]
2019-10-25 19:28:43, [0.0, 0.0, 0.0, 285.78, 108.89, 37.81, 2.81, 0.0, 0.0]
2019-10-25 19:33:42, [0.0, 0.0, 0.0, 296.82, 115.25, 41.43, 3.29, 0.0, 0.0]
2019-10-25 19:38:43, [0.0, 0.0, 0.0, 308.93, 121.48, 44.67, 3.53, 0.05, 0.0]
2019-10-25 19:43:42, [0.0, 0.0, 0.0, 298.08, 113.76, 39.61, 2.5, 0.0, 0.0]
2019-10-25 19:48:43, [0.0, 0.0, 0.0, 269.24, 106.7, 39.77, 1.75, 0.0, 0.0]
2019-10-25 19:53:42, [0.0, 0.0, 0.0, 280.25, 114.57, 44.85, 4.19, 0.03, 0.0]
2019-10-25 19:58:43, [0.0, 0.0, 0.0, 317.13, 129.2, 50.26, 4.34, 0.0, 0.0]
2019-10-25 20:03:42, [0.0, 0.0, 0.0, 277.63, 107.08, 38.0, 2.6, 0.0, 0.0]
2019-10-25 20:08:43, [0.0, 0.0, 0.0, 309.37, 129.04, 52.08, 3.75, 0.0, 0.0]
2019-10-25 20:13:42, [0.0, 0.0, 0.0, 325.12, 129.42, 48.5, 3.28, 0.0, 0.0]
2019-10-25 20:18:43, [0.0, 0.0, 0.0, 285.62, 113.6, 42.56, 3.76, 0.0, 0.0]
2019-10-25 20:23:42, [0.0, 0.0, 0.0, 284.57, 112.26, 41.5, 3.39, 0.0, 0.0]
2019-10-25 20:28:42, [0.0, 0.0, 0.0, 316.92, 125.57, 46.72, 3.58, 0.0, 0.0]
2019-10-25 20:33:42, [0.0, 0.0, 0.0, 293.02, 116.74, 43.82, 2.43, 0.0, 0.0]
2019-10-25 20:38:42, [0.0, 0.0, 0.0, 276.85, 110.74, 41.88, 3.05, 0.0, 0.0]
2019-10-25 20:43:43, [0.0, 0.0, 0.0, 297.98, 121.46, 47.32, 2.95, 0.0, 0.0]
2019-10-25 20:48:42, [0.0, 0.0, 0.0, 283.06, 111.93, 41.53, 2.41, 0.0, 0.0]
2019-10-25 20:53:43, [0.0, 0.0, 0.0, 309.69, 119.39, 42.36, 1.85, 0.0, 0.0]
2019-10-25 20:58:42, [0.0, 0.0, 0.0, 299.72, 120.13, 45.57, 4.05, 0.0, 0.0]
2019-10-25 21:03:43, [0.0, 0.0, 0.0, 283.28, 112.25, 41.82, 1.73, 0.0, 0.0]
2019-10-25 21:08:42, [0.0, 0.0, 0.0, 265.5, 103.92, 37.9, 2.85, 0.0, 0.0]
2019-10-25 21:13:43, [0.0, 0.0, 0.0, 253.51, 101.43, 38.44, 3.16, 0.0, 0.0]
2019-10-25 21:18:42, [0.0, 0.0, 0.0, 268.53, 105.92, 39.14, 3.63, 0.0, 0.0]
2019-10-25 21:23:43, [0.0, 0.0, 0.0, 272.42, 105.28, 37.58, 2.37, 0.0, 0.0]
2019-10-25 21:28:42, [0.0, 0.0, 0.0, 241.91, 95.04, 34.96, 1.35, 0.0, 0.0]
2019-10-25 21:33:43, [0.0, 0.0, 0.0, 266.8, 106.88, 40.57, 1.74, 0.0, 0.0]
2019-10-25 21:38:42, [0.0, 0.0, 0.0, 277.91, 114.68, 45.58, 3.09, 0.0, 0.0]
2019-10-25 21:43:43, [0.0, 0.0, 0.0, 315.46, 121.55, 43.07, 3.62, 0.0, 0.0]
2019-10-25 21:48:42, [0.0, 0.0, 0.0, 287.75, 113.77, 42.18, 2.15, 0.0, 0.0]
2019-10-25 21:53:43, [0.0, 0.0, 0.0, 278.83, 107.24, 37.92, 3.69, 0.0, 0.0]
2019-10-25 21:58:42, [0.0, 0.0, 0.0, 277.03, 111.45, 42.55, 1.96, 0.0, 0.0]
2019-10-25 22:03:43, [0.0, 0.0, 0.0, 290.69, 109.98, 37.66, 1.7, 0.0, 0.0]
2019-10-25 22:08:42, [0.0, 0.0, 0.0, 325.9, 125.36, 44.24, 3.9, 0.0, 0.0]
2019-10-25 22:13:43, [0.0, 0.0, 0.0, 312.34, 124.04, 46.32, 4.82, 0.0, 0.0]
2019-10-25 22:18:42, [0.0, 0.0, 0.0, 286.26, 114.4, 43.21, 5.44, 0.3, 0.0]
2019-10-25 22:23:43, [0.0, 0.0, 0.0, 316.5, 123.32, 44.62, 4.19, 0.0, 0.0]
2019-10-25 22:28:42, [0.0, 0.0, 0.0, 305.92, 119.7, 43.61, 3.7, 0.0, 0.0]
2019-10-25 22:33:43, [0.0, 0.0, 0.0, 272.64, 105.06, 37.3, 2.74, 0.0, 0.0]
2019-10-25 22:38:42, [0.0, 0.0, 0.0, 297.35, 113.4, 39.42, 2.53, 0.07, 0.0]
2019-10-25 22:43:43, [0.0, 0.0, 0.0, 269.02, 108.58, 41.71, 1.9, 0.0, 0.0]
2019-10-25 22:48:42, [0.0, 0.0, 0.0, 246.74, 98.2, 36.91, 3.09, 0.0, 0.0]
2019-10-25 22:53:43, [0.0, 0.0, 0.0, 269.96, 104.32, 37.21, 4.08, 0.0, 0.0]
2019-10-25 22:58:42, [0.0, 0.0, 0.0, 241.02, 92.51, 32.63, 1.2, 0.0, 0.0]
2019-10-25 23:03:43, [0.0, 0.0, 0.0, 235.13, 91.96, 33.61, 2.28, 0.0, 0.0]
2019-10-25 23:08:42, [0.0, 0.0, 0.0, 241.75, 93.39, 33.35, 1.38, 0.0, 0.0]
2019-10-25 23:13:43, [0.0, 0.0, 0.0, 226.29, 92.12, 35.94, 1.92, 0.0, 0.0]
2019-10-25 23:18:42, [0.0, 0.0, 0.0, 260.86, 106.66, 41.83, 4.19, 0.0, 0.0]
2019-10-25 23:23:42, [0.0, 0.0, 0.0, 268.26, 103.77, 37.11, 2.58, 0.0, 0.0]
2019-10-25 23:28:43, [0.0, 0.0, 0.0, 250.52, 98.17, 35.95, 2.01, 0.0, 0.0]
2019-10-25 23:33:42, [0.0, 0.0, 0.0, 266.79, 103.93, 37.59, 3.12, 0.0, 0.0]
2019-10-25 23:38:42, [0.0, 0.0, 0.0, 256.64, 102.27, 38.53, 1.48, 0.0, 0.0]
2019-10-25 23:43:43, [0.0, 0.0, 0.0, 306.87, 110.98, 34.62, 1.24, 0.0, 0.0]
2019-10-25 23:48:43, [0.0, 0.0, 0.0, 298.62, 115.69, 41.39, 1.72, 0.0, 0.0]
2019-10-25 23:53:43, [0.0, 0.17, 0.34, 388.14, 157.18, 60.55, 5.22, 0.0, 0.0]
2019-10-25 23:58:43, [0.0, 0.0, 0.0, 326.01, 125.11, 44.0, 3.4, 0.0, 0.0]
2019-10-26 00:03:43, [0.0, 0.0, 0.0, 347.42, 137.27, 50.79, 2.71, 0.0, 0.0]
2019-10-26 00:08:42, [0.0, 0.46, 0.91, 424.75, 167.15, 61.33, 6.22, 0.0, 0.0]
2019-10-26 00:13:42, [0.0, 0.0, 0.0, 360.16, 139.3, 49.64, 4.0, 0.0, 0.0]
2019-10-26 00:18:42, [0.0, 0.81, 1.52, 452.05, 171.73, 59.1, 7.55, 0.0, 0.0]
2019-10-26 00:23:43, [0.0, 0.84, 1.26, 439.89, 168.77, 59.17, 5.18, 0.04, 0.0]
2019-10-26 00:28:43, [0.48, 1.59, 2.4, 534.64, 215.16, 81.86, 8.47, 0.14, 0.0]
2019-10-26 00:33:42, [0.93, 2.71, 4.28, 690.02, 286.79, 114.67, 9.2, 0.0, 0.0]
2019-10-26 00:38:42, [1.47, 3.5, 5.49, 749.26, 322.19, 135.24, 12.01, 0.46, 0.0]
2019-10-26 00:43:43, [1.25, 2.74, 4.15, 723.68, 302.77, 122.23, 11.61, 0.67, 0.0]
2019-10-26 00:48:43, [0.45, 1.94, 2.94, 602.41, 253.88, 103.66, 10.12, 0.33, 0.0]
2019-10-26 00:53:42, [0.52, 2.19, 3.37, 646.65, 254.56, 93.26, 9.18, 0.0, 0.0]
2019-10-26 00:58:42, [0.84, 2.24, 3.46, 611.08, 242.01, 89.62, 6.51, 0.0, 0.0]
2019-10-26 01:03:43, [2.4, 4.91, 6.89, 965.11, 406.99, 166.06, 13.08, 0.38, 0.0]
2019-10-26 01:08:42, [1.25, 3.08, 4.84, 763.97, 310.71, 120.08, 10.92, 0.12, 0.0]
2019-10-26 01:13:42, [1.56, 4.03, 5.76, 807.6, 326.06, 124.54, 10.67, 0.0, 0.0]
2019-10-26 01:18:43, [0.71, 2.55, 3.71, 679.68, 260.45, 90.95, 8.31, 0.0, 0.0]
2019-10-26 01:23:42, [0.14, 1.21, 2.21, 561.83, 211.44, 71.37, 8.58, 0.0, 0.0]
2019-10-26 01:28:42, [1.13, 3.21, 4.62, 745.71, 303.43, 117.37, 9.67, 0.11, 0.0]
2019-10-26 01:33:43, [0.0, 1.22, 2.22, 571.08, 227.55, 85.14, 8.29, 0.04, 0.0]
2019-10-26 01:38:42, [0.15, 1.82, 2.82, 590.61, 235.23, 87.95, 10.27, 0.43, 0.0]
2019-10-26 01:43:42, [0.66, 2.36, 3.49, 684.69, 266.8, 96.01, 9.91, 0.0, 0.0]
2019-10-26 01:48:43, [3.49, 6.2, 7.65, 1102.88, 440.07, 164.71, 9.47, 0.23, 0.0]
2019-10-26 01:53:42, [1.62, 3.76, 5.72, 793.76, 330.2, 132.13, 12.32, 0.01, 0.0]
2019-10-26 01:58:42, [1.91, 4.4, 6.35, 883.73, 385.36, 164.81, 12.96, 0.3, 0.0]
2019-10-26 02:03:43, [0.91, 2.53, 3.74, 670.97, 280.68, 113.3, 10.73, 0.0, 0.0]
2019-10-26 02:08:42, [0.94, 2.64, 4.01, 723.48, 290.35, 109.88, 12.18, 0.09, 0.0]
2019-10-26 02:13:42, [0.85, 2.69, 4.09, 694.93, 281.1, 107.75, 10.48, 0.0, 0.0]
2019-10-26 02:18:43, [0.84, 2.39, 3.56, 657.67, 269.0, 104.95, 10.08, 0.14, 0.0]
2019-10-26 02:23:43, [1.91, 4.37, 6.05, 824.85, 362.93, 157.08, 13.45, 0.95, 0.08]
2019-10-26 02:28:42, [1.85, 4.09, 5.79, 782.67, 344.68, 149.38, 11.58, 0.51, 0.0]
2019-10-26 02:33:42, [1.37, 3.24, 4.65, 764.71, 318.95, 128.15, 11.72, 0.0, 0.0]
2019-10-26 02:38:43, [0.65, 2.04, 3.03, 631.64, 254.85, 97.32, 9.74, 0.08, 0.0]
2019-10-26 02:43:42, [0.3, 1.95, 2.95, 596.84, 242.65, 93.8, 8.87, 0.04, 0.0]
2019-10-26 02:48:42, [0.73, 1.98, 3.04, 648.05, 252.02, 90.38, 9.2, 0.0, 0.0]
2019-10-26 02:53:43, [0.25, 1.46, 2.42, 560.78, 217.03, 77.23, 9.16, 0.0, 0.0]
2019-10-26 02:58:43, [1.45, 3.5, 4.89, 768.23, 312.41, 120.71, 9.92, 0.0, 0.0]
2019-10-26 03:03:42, [1.43, 3.51, 5.48, 839.35, 348.68, 139.2, 11.56, 0.31, 0.0]
2019-10-26 03:08:42, [2.02, 4.6, 6.52, 917.87, 393.63, 164.54, 11.37, 0.09, 0.0]
2019-10-26 03:13:43, [2.92, 5.24, 7.17, 995.21, 410.85, 162.45, 14.24, 0.0, 0.0]
2019-10-26 03:18:43, [9.54, 14.38, 18.72, 1949.67, 854.32, 367.24, 27.01, 1.56, 0.0]
2019-10-26 03:23:42, [4.39, 7.31, 9.45, 1196.71, 503.48, 204.68, 14.43, 0.04, 0.0]
2019-10-26 03:28:42, [3.53, 6.08, 8.25, 1107.72, 456.63, 180.09, 14.41, 0.44, 0.0]
2019-10-26 03:33:43, [4.55, 7.8, 10.39, 1253.01, 524.72, 211.88, 15.18, 1.1, 0.0]
2019-10-26 03:38:43, [2.57, 5.18, 7.36, 1043.21, 430.75, 170.34, 13.59, 0.18, 0.0]
2019-10-26 03:43:42, [4.14, 7.18, 9.84, 1236.77, 513.14, 204.33, 14.52, 0.03, 0.0]
2019-10-26 03:48:42, [6.62, 10.16, 13.13, 1651.57, 669.88, 257.39, 18.03, 0.42, 0.0]
2019-10-26 03:53:42, [4.06, 7.14, 9.74, 1137.8, 478.34, 194.27, 16.91, 0.29, 0.0]
2019-10-26 03:58:43, [2.92, 5.89, 8.24, 1055.27, 445.77, 182.3, 14.5, 0.08, 0.0]
2019-10-26 04:03:43, [3.12, 5.83, 8.29, 1029.47, 431.23, 174.23, 14.1, 0.22, 0.0]
2019-10-26 04:08:43, [2.22, 4.84, 6.48, 928.87, 381.43, 149.6, 12.06, 0.16, 0.0]
2019-10-26 04:13:42, [2.14, 5.08, 7.08, 996.56, 408.85, 160.07, 12.68, 0.0, 0.0]
2019-10-26 04:18:42, [3.84, 6.8, 9.17, 1155.9, 474.37, 185.77, 12.99, 0.04, 0.0]
2019-10-26 04:23:42, [3.61, 6.61, 9.13, 1110.4, 462.68, 185.46, 14.43, 0.07, 0.0]
2019-10-26 04:28:42, [5.14, 8.54, 11.85, 1411.51, 580.91, 228.39, 20.6, 0.57, 0.0]
2019-10-26 04:33:42, [4.42, 7.43, 10.27, 1231.16, 520.61, 213.2, 15.92, 0.1, 0.0]
2019-10-26 04:38:42, [9.93, 14.91, 19.07, 2106.37, 863.67, 337.46, 26.85, 0.11, 0.0]
2019-10-26 04:43:42, [5.45, 8.65, 11.85, 1362.49, 575.21, 234.95, 20.54, 1.11, 0.0]
2019-10-26 04:48:43, [3.54, 5.96, 8.35, 1051.56, 438.05, 175.53, 15.48, 0.09, 0.0]
2019-10-26 04:53:43, [3.29, 6.08, 8.47, 1074.58, 448.66, 180.42, 15.27, 0.45, 0.0]
2019-10-26 04:58:42, [5.73, 9.65, 13.13, 1387.72, 617.17, 270.63, 22.71, 1.49, 0.0]
2019-10-26 05:03:42, [2.0, 4.64, 6.45, 909.1, 366.79, 139.9, 10.41, 0.0, 0.0]
2019-10-26 05:08:42, [2.76, 5.29, 7.51, 1002.41, 410.91, 160.71, 13.15, 0.27, 0.0]
2019-10-26 05:13:42, [3.21, 6.14, 8.31, 1067.79, 434.62, 168.06, 14.15, 0.13, 0.0]
2019-10-26 05:18:42, [2.39, 5.32, 7.33, 1013.36, 420.69, 167.75, 15.45, 0.48, 0.0]
2019-10-26 05:23:42, [3.65, 6.58, 9.07, 1115.85, 468.84, 190.26, 16.83, 0.48, 0.0]
2019-10-26 05:28:42, [4.4, 7.26, 9.57, 1166.85, 484.39, 193.04, 17.14, 0.64, 0.0]
2019-10-26 05:33:42, [4.76, 7.88, 10.26, 1223.86, 516.06, 210.48, 16.15, 0.18, 0.0]
2019-10-26 05:38:42, [4.82, 8.08, 11.05, 1298.07, 552.59, 228.46, 18.66, 0.75, 0.0]
2019-10-26 05:43:42, [4.32, 7.36, 10.05, 1211.14, 502.27, 199.84, 19.29, 0.91, 0.0]
2019-10-26 05:48:42, [3.31, 6.05, 8.94, 1064.0, 443.84, 178.2, 14.82, 0.22, 0.0]
2019-10-26 05:53:43, [4.23, 7.03, 9.62, 1173.31, 493.8, 200.81, 16.91, 0.21, 0.0]
2019-10-26 05:58:43, [3.07, 5.92, 8.15, 1039.81, 437.47, 177.88, 16.12, 0.99, 0.0]
2019-10-26 06:03:43, [2.58, 5.53, 7.37, 1006.95, 423.0, 171.63, 13.94, 0.44, 0.0]
2019-10-26 06:08:43, [2.26, 4.62, 6.64, 932.49, 387.59, 154.84, 13.53, 0.07, 0.0]
2019-10-26 06:13:43, [1.82, 3.94, 5.83, 830.81, 345.39, 138.11, 13.98, 0.91, 0.0]
2019-10-26 06:18:43, [1.6, 3.73, 5.66, 845.19, 347.26, 136.35, 12.26, 0.0, 0.0]
2019-10-26 06:23:43, [2.24, 4.38, 6.21, 892.82, 361.96, 139.15, 12.88, 0.0, 0.0]
2019-10-26 06:28:43, [3.04, 5.85, 8.32, 1048.99, 437.66, 175.79, 17.27, 0.43, 0.0]
2019-10-26 06:33:42, [2.41, 4.7, 6.74, 882.62, 375.12, 154.85, 14.65, 0.14, 0.0]
2019-10-26 06:38:42, [1.9, 4.16, 6.05, 854.06, 356.61, 143.47, 13.92, 0.09, 0.0]
2019-10-26 06:43:42, [2.35, 5.18, 7.41, 957.06, 395.59, 156.72, 15.08, 0.57, 0.0]
2019-10-26 06:48:42, [2.85, 5.46, 7.76, 984.89, 419.12, 173.28, 13.31, 0.51, 0.0]
2019-10-26 06:53:42, [3.16, 5.95, 8.26, 1052.92, 443.24, 180.4, 14.68, 0.55, 0.0]
2019-10-26 06:58:42, [1.27, 3.37, 4.82, 752.74, 318.99, 131.17, 11.44, 0.05, 0.0]
2019-10-26 07:03:43, [2.53, 5.25, 7.58, 966.84, 419.67, 178.32, 16.81, 0.62, 0.0]
2019-10-26 07:08:43, [2.23, 4.61, 6.52, 873.68, 362.15, 144.11, 12.07, 0.02, 0.0]
2019-10-26 07:13:43, [2.01, 4.23, 5.99, 859.26, 360.05, 145.61, 12.2, 0.14, 0.0]
2019-10-26 07:18:43, [0.89, 2.71, 3.83, 661.85, 276.2, 111.1, 11.16, 0.09, 0.0]
2019-10-26 07:23:42, [1.54, 3.56, 5.12, 799.66, 344.19, 144.65, 12.25, 0.12, 0.0]
2019-10-26 07:28:42, [1.17, 2.68, 4.02, 748.18, 304.17, 117.5, 10.79, 0.07, 0.0]
2019-10-26 07:33:42, [0.0, 1.38, 2.28, 513.99, 199.88, 71.79, 6.77, 0.0, 0.0]
2019-10-26 07:38:42, [0.0, 1.16, 2.15, 491.5, 191.19, 68.67, 6.63, 0.0, 0.0]
2019-10-26 07:43:42, [0.37, 1.58, 2.5, 562.84, 216.89, 76.55, 9.15, 0.0, 0.0]
2019-10-26 07:48:42, [0.07, 1.62, 2.62, 579.39, 225.5, 81.04, 9.51, 0.0, 0.0]
2019-10-26 07:53:42, [0.27, 1.69, 2.69, 615.17, 236.29, 82.88, 10.86, 0.0, 0.0]
2019-10-26 07:58:42, [0.65, 2.39, 3.82, 652.24, 273.05, 110.36, 11.05, 0.17, 0.0]
2019-10-26 08:03:42, [0.37, 2.0, 3.0, 566.57, 230.48, 89.2, 9.53, 0.0, 0.0]
2019-10-26 08:08:42, [0.89, 2.27, 3.45, 703.16, 283.19, 107.77, 10.42, 0.0, 0.0]
2019-10-26 08:13:42, [1.08, 2.83, 4.42, 721.8, 288.99, 108.9, 10.75, 0.0, 0.0]
2019-10-26 08:18:42, [4.82, 8.08, 10.86, 1324.05, 542.47, 211.86, 15.39, 0.04, 0.0]
2019-10-26 08:23:42, [4.19, 7.39, 9.28, 1212.04, 497.67, 195.03, 13.94, 0.0, 0.0]
2019-10-26 08:28:42, [2.15, 5.01, 6.9, 934.91, 385.48, 152.14, 13.14, 0.0, 0.0]
2019-10-26 08:33:42, [2.77, 5.74, 8.2, 1042.57, 443.06, 182.8, 15.57, 0.34, 0.0]
2019-10-26 08:38:42, [4.99, 8.29, 11.53, 1273.87, 545.24, 227.12, 20.45, 0.38, 0.0]
2019-10-26 08:43:43, [3.97, 6.83, 9.29, 1111.95, 467.57, 189.95, 15.94, 0.01, 0.0]
2019-10-26 08:48:43, [3.67, 6.39, 9.12, 1116.24, 474.72, 196.05, 15.85, 0.42, 0.0]
2019-10-26 08:53:43, [2.19, 4.96, 6.97, 917.22, 381.71, 152.77, 13.12, 0.0, 0.0]
2019-10-26 08:58:43, [2.79, 5.74, 8.07, 1039.06, 427.14, 167.75, 12.0, 0.0, 0.0]
2019-10-26 09:03:43, [4.03, 6.88, 9.19, 1143.64, 473.72, 188.18, 15.99, 0.0, 0.0]
2019-10-26 09:08:42, [3.64, 6.43, 9.26, 1131.07, 472.08, 189.68, 19.45, 0.03, 0.0]
2019-10-26 09:13:42, [5.13, 8.81, 12.01, 1409.19, 603.47, 251.53, 20.24, 0.43, 0.0]
2019-10-26 09:18:42, [6.83, 11.03, 15.29, 1612.23, 703.6, 300.93, 25.61, 0.86, 0.0]
2019-10-26 09:23:42, [8.06, 12.6, 17.29, 1831.51, 795.8, 338.3, 31.23, 2.37, 0.0]
2019-10-26 09:28:42, [9.55, 14.48, 20.0, 2008.68, 890.72, 388.91, 34.89, 1.6, 0.0]
2019-10-26 09:33:42, [8.95, 14.2, 19.63, 1986.5, 868.72, 372.51, 36.06, 1.64, 0.0]
2019-10-26 09:38:43, [8.73, 14.06, 19.02, 1948.23, 844.6, 357.91, 34.22, 2.87, 0.0]
2019-10-26 09:43:43, [6.98, 11.18, 15.37, 1685.5, 728.6, 307.58, 29.63, 1.2, 0.0]
2019-10-26 09:48:42, [8.72, 13.59, 18.96, 1911.78, 842.37, 364.78, 37.71, 3.19, 0.0]
2019-10-26 09:53:42, [9.66, 14.68, 19.74, 2037.23, 899.32, 390.38, 41.85, 3.22, 0.0]
2019-10-26 09:58:42, [10.86, 16.39, 22.31, 2288.81, 993.64, 421.82, 46.38, 4.51, 0.0]
2019-10-26 10:03:42, [6.3, 10.49, 13.97, 1554.93, 667.29, 278.93, 24.27, 3.6, 0.0]
2019-10-26 10:08:43, [5.36, 9.25, 12.39, 1413.07, 599.83, 246.92, 20.6, 0.26, 0.0]
2019-10-26 10:13:43, [4.87, 8.35, 11.55, 1304.01, 558.32, 232.7, 18.82, 0.36, 0.0]
2019-10-26 10:18:42, [5.03, 8.58, 11.73, 1378.25, 576.32, 232.14, 20.74, 0.22, 0.0]
2019-10-26 10:23:42, [5.06, 8.41, 11.29, 1374.48, 575.92, 232.67, 20.75, 0.76, 0.0]
2019-10-26 10:28:42, [4.92, 8.16, 11.48, 1336.15, 556.56, 222.89, 17.83, 0.0, 0.0]
2019-10-26 10:33:43, [4.87, 8.2, 11.32, 1339.27, 549.96, 215.5, 19.94, 0.39, 0.0]
2019-10-26 10:38:43, [5.02, 8.52, 11.43, 1348.54, 572.97, 236.21, 19.27, 0.29, 0.0]
2019-10-26 10:43:42, [5.0, 8.11, 11.89, 1408.0, 574.67, 223.07, 20.44, 0.18, 0.0]
2019-10-26 10:48:42, [6.79, 10.5, 14.21, 1656.21, 673.72, 260.02, 23.29, 0.56, 0.0]
2019-10-26 10:53:42, [7.34, 11.19, 15.08, 1646.77, 699.96, 288.65, 25.52, 1.45, 0.0]
2019-10-26 10:58:43, [6.47, 9.82, 13.23, 1541.09, 636.03, 251.13, 22.01, 0.43, 0.0]
2019-10-26 11:03:43, [5.89, 9.88, 13.21, 1489.66, 637.41, 265.39, 21.93, 0.91, 0.0]
2019-10-26 11:08:42, [5.34, 9.26, 12.58, 1447.33, 607.09, 245.62, 21.02, 1.06, 0.0]
2019-10-26 11:13:42, [5.59, 9.33, 13.2, 1457.0, 610.23, 246.34, 23.9, 0.76, 0.0]
2019-10-26 11:18:43, [5.7, 9.46, 12.47, 1455.04, 608.01, 244.62, 19.53, 0.18, 0.0]
2019-10-26 11:23:43, [5.18, 9.01, 12.6, 1450.42, 602.57, 240.36, 21.15, 0.0, 0.0]
2019-10-26 11:28:42, [5.29, 9.07, 12.32, 1448.13, 591.53, 229.92, 21.89, 0.06, 0.0]
2019-10-26 11:33:42, [5.32, 9.09, 12.63, 1442.52, 597.38, 237.14, 21.51, 1.51, 0.0]
2019-10-26 11:38:42, [5.08, 8.82, 11.69, 1354.81, 557.64, 219.33, 16.9, 0.65, 0.0]
2019-10-26 11:43:43, [4.83, 8.25, 11.46, 1347.57, 556.67, 220.13, 18.79, 0.55, 0.0]
2019-10-26 11:48:43, [4.24, 7.2, 10.29, 1219.02, 507.39, 203.03, 17.32, 0.46, 0.0]
2019-10-26 11:53:42, [3.78, 6.41, 9.36, 1135.44, 474.79, 191.3, 17.67, 0.68, 0.0]
2019-10-26 11:58:42, [3.58, 6.1, 8.84, 1118.66, 453.59, 174.3, 19.32, 0.07, 0.0]
2019-10-26 12:03:43, [2.11, 5.05, 7.14, 964.86, 402.38, 161.56, 15.35, 0.14, 0.0]
2019-10-26 12:08:42, [2.64, 5.37, 7.6, 1039.76, 428.9, 169.32, 15.48, 0.26, 0.0]
2019-10-26 12:13:42, [2.12, 4.74, 6.74, 911.57, 372.54, 145.04, 12.51, 0.0, 0.0]
2019-10-26 12:18:43, [1.97, 4.18, 6.05, 842.02, 345.81, 135.67, 12.52, 0.1, 0.0]
2019-10-26 12:23:43, [2.13, 5.03, 7.03, 926.73, 383.97, 152.68, 11.99, 0.05, 0.0]
2019-10-26 12:28:42, [2.0, 4.77, 6.7, 903.31, 368.39, 142.96, 11.67, 0.12, 0.0]
2019-10-26 12:33:42, [2.08, 4.77, 6.84, 923.1, 389.85, 159.46, 13.65, 0.02, 0.01]
2019-10-26 12:38:43, [2.0, 4.76, 6.64, 906.42, 373.69, 147.46, 11.86, 0.15, 0.0]
2019-10-26 12:43:42, [2.46, 5.25, 7.36, 1032.17, 422.59, 164.91, 13.54, 0.0, 0.0]
2019-10-26 12:48:42, [2.44, 5.1, 7.28, 990.81, 408.8, 161.49, 15.79, 0.05, 0.0]
2019-10-26 12:53:43, [2.04, 4.43, 6.41, 889.1, 369.92, 148.01, 13.58, 0.0, 0.0]
2019-10-26 12:58:42, [1.96, 4.48, 6.18, 891.85, 350.84, 128.24, 12.53, 0.0, 0.0]
2019-10-26 13:03:42, [2.58, 5.39, 7.47, 974.29, 400.83, 157.62, 12.92, 0.06, 0.0]
2019-10-26 13:08:43, [3.68, 6.96, 9.88, 1231.75, 516.43, 208.88, 19.45, 0.9, 0.0]
2019-10-26 13:13:43, [4.29, 7.09, 10.05, 1226.95, 515.38, 209.01, 21.13, 0.3, 0.0]
2019-10-26 13:18:42, [7.27, 11.37, 15.57, 1707.54, 711.86, 285.36, 26.12, 0.73, 0.0]
2019-10-26 13:23:43, [5.17, 8.55, 12.34, 1429.43, 605.99, 249.0, 23.76, 0.59, 0.0]
2019-10-26 13:28:43, [8.25, 12.72, 17.04, 1797.88, 767.4, 318.34, 30.21, 1.96, 0.0]
2019-10-26 13:33:42, [6.92, 10.86, 15.13, 1657.11, 707.89, 293.99, 26.94, 1.98, 0.0]
2019-10-26 13:38:42, [7.77, 12.15, 16.93, 1785.45, 751.2, 305.21, 29.89, 1.51, 0.0]
2019-10-26 13:43:43, [12.18, 18.2, 25.32, 2486.73, 1085.81, 464.5, 48.04, 6.22, 0.0]
2019-10-26 13:48:42, [14.24, 20.59, 28.6, 2824.72, 1239.36, 533.55, 61.1, 6.92, 0.0]
2019-10-26 13:53:42, [18.92, 27.26, 37.88, 3584.55, 1599.19, 703.43, 83.57, 7.88, 0.0]
2019-10-26 13:58:43, [23.53, 33.68, 47.02, 4279.84, 1900.42, 830.82, 98.98, 11.53, 1.02]
2019-10-26 14:03:42, [24.05, 34.45, 48.1, 4480.98, 1976.84, 856.96, 100.71, 11.51, 1.0]
2019-10-26 14:08:42, [27.78, 39.56, 55.05, 5113.1, 2214.4, 936.52, 113.46, 13.61, 2.17]
2019-10-26 14:13:43, [28.82, 41.43, 57.29, 5177.91, 2266.98, 972.86, 118.35, 13.14, 2.45]
2019-10-26 14:18:42, [28.76, 41.28, 57.96, 5274.34, 2313.49, 995.27, 127.01, 15.29, 2.89]
2019-10-26 14:23:42, [30.08, 43.26, 60.03, 5394.65, 2370.1, 1021.8, 119.95, 14.75, 3.02]
2019-10-26 14:28:43, [29.62, 42.49, 59.25, 5337.6, 2352.72, 1018.71, 124.94, 14.86, 1.64]
2019-10-26 14:33:43, [29.3, 41.87, 58.72, 5282.94, 2320.81, 1000.45, 131.03, 13.44, 1.91]
2019-10-26 14:38:42, [29.74, 42.71, 59.6, 5385.67, 2363.62, 1017.6, 127.45, 13.48, 2.39]
2019-10-26 14:43:43, [29.46, 42.52, 58.68, 5310.03, 2332.96, 1005.84, 118.92, 13.84, 2.28]
2019-10-26 14:48:43, [29.04, 41.85, 58.51, 5268.68, 2323.02, 1006.22, 125.38, 13.87, 2.26]
2019-10-26 14:53:42, [26.84, 39.02, 54.08, 4903.57, 2169.2, 943.73, 112.3, 11.92, 2.54]
2019-10-26 14:58:43, [26.81, 38.45, 54.06, 4856.79, 2143.59, 929.76, 110.55, 12.83, 1.85]
2019-10-26 15:03:42, [25.9, 37.5, 52.66, 4740.27, 2100.09, 915.41, 110.92, 12.88, 1.22]
2019-10-26 15:08:42, [25.15, 36.65, 50.6, 4631.44, 2053.41, 895.92, 107.35, 13.55, 2.31]
2019-10-26 15:13:43, [24.55, 35.63, 49.26, 4507.24, 1971.26, 844.83, 101.4, 12.52, 1.01]
2019-10-26 15:18:42, [23.41, 33.62, 47.04, 4339.99, 1912.83, 828.21, 98.1, 10.37, 0.66]
2019-10-26 15:23:43, [23.02, 33.26, 46.1, 4245.7, 1882.03, 821.0, 97.88, 10.98, 0.55]
2019-10-26 15:28:43, [22.15, 32.12, 44.36, 4079.44, 1809.63, 790.14, 92.28, 10.29, 1.4]
2019-10-26 15:33:42, [21.9, 31.78, 44.44, 4098.0, 1836.75, 812.62, 96.07, 9.76, 0.35]
2019-10-26 15:38:43, [25.14, 36.14, 50.54, 4669.98, 2048.24, 881.1, 109.82, 12.8, 1.41]
2019-10-26 15:43:42, [25.88, 37.35, 52.21, 4756.29, 2114.37, 925.69, 117.04, 12.74, 1.89]
2019-10-26 15:48:43, [25.38, 37.03, 51.11, 4607.66, 2045.53, 894.02, 107.83, 13.87, 1.87]
2019-10-26 15:53:43, [23.51, 34.02, 47.7, 4348.43, 1932.75, 846.0, 99.66, 11.83, 1.02]
2019-10-26 15:58:42, [21.61, 31.63, 44.43, 3999.37, 1794.03, 794.57, 93.29, 11.34, 0.73]
2019-10-26 16:03:43, [22.15, 31.77, 44.45, 4098.27, 1831.12, 806.92, 95.73, 11.48, 1.6]
2019-10-26 16:08:42, [20.99, 30.35, 42.32, 3894.97, 1737.78, 764.45, 90.28, 10.45, 1.86]
2019-10-26 16:13:43, [18.34, 26.51, 37.12, 3429.67, 1550.5, 693.46, 81.59, 9.79, 0.88]
2019-10-26 16:18:42, [18.57, 26.88, 37.46, 3440.48, 1550.2, 690.46, 75.53, 8.59, 0.66]
2019-10-26 16:23:42, [17.6, 25.37, 34.99, 3305.2, 1471.83, 645.89, 72.71, 8.2, 0.66]
2019-10-26 16:28:43, [17.75, 25.68, 35.83, 3313.66, 1490.25, 662.18, 76.9, 8.75, 0.56]
2019-10-26 16:33:42, [16.12, 22.99, 32.35, 3073.19, 1378.03, 610.1, 67.05, 7.18, 0.36]
2019-10-26 16:38:43, [14.84, 21.73, 30.05, 2867.81, 1274.5, 557.91, 59.84, 6.84, 0.0]
2019-10-26 16:43:43, [14.49, 21.12, 29.34, 2829.86, 1259.58, 552.5, 59.52, 7.24, 0.0]
2019-10-26 16:48:42, [16.15, 23.77, 32.41, 3049.11, 1360.78, 598.91, 66.54, 7.09, 0.0]
2019-10-26 16:53:43, [17.04, 24.73, 34.18, 3234.98, 1447.16, 638.8, 74.85, 7.19, 0.16]
2019-10-26 16:58:42, [17.68, 26.0, 35.97, 3358.28, 1511.08, 671.9, 78.45, 8.33, 0.84]
2019-10-26 17:03:43, [17.11, 24.58, 34.59, 3306.59, 1499.58, 673.28, 78.47, 9.05, 1.06]
2019-10-26 17:08:42, [19.72, 28.75, 40.58, 3715.36, 1677.62, 749.15, 93.46, 9.28, 0.72]
2019-10-26 17:13:43, [18.5, 27.08, 38.25, 3478.46, 1602.52, 733.28, 86.46, 9.9, 0.4]
2019-10-26 17:18:42, [17.17, 25.3, 35.3, 3284.86, 1491.55, 670.67, 83.91, 10.05, 0.32]
2019-10-26 17:23:42, [15.15, 21.98, 30.49, 2862.06, 1299.78, 584.65, 67.47, 8.08, 0.58]
2019-10-26 17:28:42, [12.83, 18.99, 26.21, 2516.13, 1128.49, 499.85, 52.63, 6.75, 0.0]
2019-10-26 17:33:42, [13.53, 19.88, 27.79, 2632.52, 1190.97, 533.23, 62.44, 8.19, 0.76]
2019-10-26 17:38:42, [13.11, 19.22, 27.16, 2619.19, 1179.31, 524.88, 60.19, 7.15, 0.27]
2019-10-26 17:43:43, [14.83, 21.91, 30.89, 2926.61, 1314.2, 582.91, 73.0, 7.92, 0.14]
2019-10-26 17:48:42, [17.2, 25.13, 34.89, 3174.88, 1451.07, 657.72, 72.31, 8.36, 0.17]
2019-10-26 17:53:43, [16.77, 24.33, 34.41, 3213.31, 1460.03, 657.07, 85.18, 9.47, 1.04]
2019-10-26 17:58:42, [15.83, 23.63, 33.21, 3028.8, 1377.95, 621.11, 70.59, 8.47, 0.35]
2019-10-26 18:03:43, [15.81, 23.53, 33.3, 3056.31, 1407.05, 643.37, 73.9, 7.73, 0.12]
2019-10-26 18:08:42, [15.3, 22.66, 32.15, 2933.04, 1344.75, 611.87, 73.01, 9.7, 0.71]
2019-10-26 18:13:42, [15.3, 22.55, 31.79, 2937.61, 1361.95, 627.94, 70.69, 8.55, 0.69]
2019-10-26 18:18:43, [12.57, 18.58, 26.42, 2458.87, 1131.16, 516.82, 62.24, 8.76, 0.48]
2019-10-26 18:23:42, [10.61, 16.18, 22.95, 2191.23, 1023.99, 476.58, 53.37, 6.8, 0.0]
2019-10-26 18:28:42, [8.12, 12.77, 18.35, 1818.52, 835.63, 381.35, 49.06, 5.82, 0.0]
2019-10-26 18:33:43, [8.15, 13.01, 18.45, 1827.21, 824.19, 367.73, 45.48, 6.48, 0.59]
2019-10-26 18:38:42, [8.49, 13.37, 19.17, 1900.98, 857.8, 382.92, 44.38, 6.32, 0.43]
2019-10-26 18:43:42, [8.37, 13.16, 18.81, 1880.46, 845.0, 375.28, 54.76, 6.66, 0.0]
2019-10-26 18:48:43, [7.61, 12.43, 17.72, 1725.11, 801.4, 370.51, 42.11, 6.03, 0.0]
2019-10-26 18:53:43, [6.22, 11.17, 16.07, 1594.13, 745.32, 347.16, 39.58, 4.66, 0.02]
2019-10-26 18:58:42, [6.09, 10.55, 15.02, 1566.12, 718.79, 327.63, 39.24, 5.93, 0.07]
2019-10-26 19:03:42, [6.03, 10.48, 14.92, 1564.71, 714.86, 324.09, 38.74, 4.99, 0.0]
2019-10-26 19:08:43, [6.15, 10.39, 14.8, 1618.38, 734.02, 329.81, 40.86, 6.32, 0.06]
2019-10-26 19:13:42, [7.18, 11.93, 16.96, 1703.48, 777.93, 352.43, 38.78, 5.48, 0.0]
2019-10-26 19:18:42, [7.25, 11.66, 16.65, 1703.74, 783.35, 357.8, 44.02, 7.22, 0.47]
2019-10-26 19:23:42, [8.08, 12.87, 18.33, 1752.89, 805.69, 367.86, 45.69, 6.24, 0.1]
2019-10-26 19:28:43, [7.61, 11.98, 17.2, 1737.49, 791.12, 357.1, 47.35, 6.47, 0.39]
2019-10-26 19:33:42, [8.48, 13.37, 19.23, 1865.82, 855.21, 389.11, 45.43, 7.8, 0.37]
2019-10-26 19:38:42, [7.67, 11.96, 17.12, 1702.76, 776.7, 351.39, 43.77, 6.45, 0.39]
2019-10-26 19:43:43, [7.86, 12.46, 17.74, 1710.62, 791.76, 364.49, 40.1, 6.37, 0.0]
2019-10-26 19:48:42, [8.05, 12.67, 18.01, 1755.85, 788.23, 349.64, 39.6, 5.92, 0.0]
2019-10-26 19:53:42, [7.9, 12.21, 17.51, 1816.27, 805.39, 351.66, 42.2, 6.76, 0.0]
2019-10-26 19:58:43, [7.71, 12.1, 17.45, 1793.72, 796.94, 348.88, 38.35, 5.12, 0.0]
2019-10-26 20:03:42, [8.13, 12.65, 18.07, 1791.16, 808.57, 361.14, 44.16, 5.94, 0.0]
2019-10-26 20:08:42, [7.93, 12.53, 18.12, 1781.16, 829.15, 384.24, 47.92, 6.6, 0.07]
2019-10-26 20:13:43, [8.11, 12.94, 18.35, 1763.86, 804.44, 363.86, 45.23, 5.9, 0.03]
2019-10-26 20:18:43, [9.34, 14.38, 20.18, 1953.19, 864.95, 377.03, 51.29, 6.48, 0.0]
2019-10-26 20:23:42, [9.24, 14.31, 20.19, 2011.57, 900.28, 397.79, 47.11, 6.71, 0.0]
2019-10-26 20:28:43, [11.26, 16.99, 23.99, 2299.85, 1026.43, 451.84, 54.86, 7.04, 0.02]
2019-10-26 20:33:43, [12.17, 18.42, 25.93, 2419.91, 1102.58, 497.97, 57.47, 7.06, 0.39]
2019-10-26 20:38:42, [12.56, 18.94, 26.4, 2476.89, 1123.71, 504.87, 61.15, 6.75, 0.0]
2019-10-26 20:43:43, [10.35, 15.53, 21.8, 2168.34, 944.81, 403.1, 44.51, 5.51, 0.0]
2019-10-26 20:48:43, [11.45, 17.51, 24.63, 2255.34, 1042.41, 478.95, 54.35, 7.17, 0.11]
2019-10-26 20:53:42, [10.68, 15.94, 22.21, 2168.22, 967.4, 425.69, 52.82, 6.51, 0.04]
2019-10-26 20:58:43, [10.49, 15.91, 22.11, 2143.13, 957.66, 422.24, 49.38, 5.88, 0.0]
2019-10-26 21:03:42, [9.24, 14.27, 20.18, 1964.75, 862.08, 371.27, 41.64, 5.24, 0.08]
2019-10-26 21:08:42, [8.95, 13.92, 19.63, 1940.83, 863.24, 378.4, 40.51, 5.29, 0.36]
2019-10-26 21:13:43, [8.84, 13.87, 19.67, 1961.1, 870.03, 380.13, 42.51, 7.0, 0.11]
2019-10-26 21:18:42, [10.27, 15.49, 21.99, 2158.79, 969.95, 430.64, 55.86, 8.08, 0.09]
2019-10-26 21:23:42, [8.69, 13.4, 18.85, 1880.19, 832.48, 362.8, 44.08, 5.09, 0.0]
2019-10-26 21:28:43, [8.67, 13.66, 19.4, 1953.83, 870.89, 382.83, 43.17, 6.83, 0.0]
2019-10-26 21:33:42, [9.63, 14.6, 20.78, 2028.22, 909.88, 403.22, 47.45, 6.9, 0.08]
2019-10-26 21:38:42, [9.73, 14.89, 21.15, 2024.62, 920.78, 414.99, 47.91, 6.61, 0.0]
2019-10-26 21:43:43, [10.41, 15.62, 21.96, 2158.45, 955.39, 416.13, 46.66, 5.57, 0.0]
2019-10-26 21:48:42, [10.98, 16.53, 23.51, 2208.18, 1001.28, 449.64, 54.82, 6.54, 0.22]
2019-10-26 21:53:42, [9.44, 14.68, 20.89, 2059.68, 925.54, 411.02, 49.89, 6.52, 0.12]
2019-10-26 21:58:43, [10.0, 15.44, 21.15, 2075.86, 932.52, 413.95, 44.29, 6.58, 0.44]
2019-10-26 22:03:42, [8.96, 14.06, 20.01, 1974.32, 879.77, 386.56, 46.6, 6.59, 0.0]
2019-10-26 22:08:42, [9.16, 14.41, 20.54, 1994.46, 896.64, 398.39, 47.73, 5.78, 0.0]
2019-10-26 22:13:43, [9.06, 14.48, 20.33, 1965.95, 910.62, 419.51, 42.73, 5.63, 0.0]
2019-10-26 22:18:43, [8.36, 13.15, 18.4, 1802.89, 805.84, 355.49, 42.33, 5.97, 0.35]
2019-10-26 22:23:42, [7.68, 12.17, 17.29, 1740.41, 774.82, 340.1, 38.7, 5.45, 0.07]
2019-10-26 22:28:43, [6.83, 10.83, 15.45, 1563.19, 686.47, 296.03, 37.91, 5.1, 0.0]
2019-10-26 22:33:43, [5.16, 8.8, 12.77, 1361.83, 604.54, 264.47, 26.23, 2.48, 0.0]
2019-10-26 22:38:42, [5.28, 8.86, 12.92, 1412.75, 622.73, 269.94, 28.9, 2.77, 0.0]
2019-10-26 22:43:43, [7.69, 12.01, 17.15, 1730.54, 787.62, 355.37, 39.39, 4.62, 0.0]
2019-10-26 22:48:43, [7.69, 12.2, 17.44, 1742.52, 764.15, 328.89, 37.51, 5.5, 0.0]
2019-10-26 22:53:42, [6.74, 11.12, 15.68, 1607.15, 715.21, 313.77, 34.33, 3.99, 0.0]
2019-10-26 22:58:43, [5.79, 9.8, 13.81, 1469.59, 643.21, 276.19, 31.49, 3.82, 0.0]
2019-10-26 23:03:42, [5.03, 8.89, 12.82, 1382.51, 601.72, 256.48, 27.98, 4.6, 0.0]
2019-10-26 23:08:42, [5.58, 9.52, 13.5, 1469.49, 644.89, 277.88, 29.13, 3.66, 0.0]
2019-10-26 23:13:43, [6.01, 10.37, 14.66, 1554.12, 678.47, 290.3, 31.58, 4.41, 0.0]
2019-10-26 23:18:42, [7.34, 11.34, 16.24, 1678.34, 732.37, 313.18, 33.62, 3.45, 0.0]
2019-10-26 23:23:42, [7.3, 11.32, 16.25, 1698.15, 744.34, 320.17, 37.76, 5.8, 0.17]
2019-10-26 23:28:43, [6.59, 10.54, 15.0, 1597.09, 704.55, 305.67, 34.57, 4.04, 0.0]
2019-10-26 23:33:42, [7.43, 11.33, 15.59, 1657.24, 720.38, 306.44, 32.9, 3.65, 0.04]
2019-10-26 23:38:43, [7.21, 10.98, 15.35, 1617.04, 695.73, 291.85, 31.09, 3.77, 0.0]
2019-10-26 23:43:42, [6.61, 10.72, 14.88, 1585.13, 688.06, 292.16, 27.92, 2.59, 0.0]
2019-10-26 23:48:42, [6.66, 10.58, 14.97, 1613.87, 697.4, 294.31, 30.03, 1.83, 0.0]
2019-10-26 23:53:43, [6.69, 10.56, 14.88, 1593.05, 693.28, 295.4, 29.41, 2.45, 0.0]
2019-10-26 23:58:43, [7.83, 12.16, 16.59, 1755.6, 744.11, 305.57, 30.52, 2.46, 0.0]
2019-10-27 00:03:42, [7.83, 12.32, 16.37, 1782.3, 761.36, 316.15, 25.57, 2.3, 0.0]
2019-10-27 00:08:42, [9.39, 13.85, 18.39, 1969.9, 830.33, 338.22, 28.08, 2.83, 0.0]
2019-10-27 00:13:42, [9.88, 14.49, 19.46, 2028.55, 862.53, 355.76, 30.53, 1.45, 0.0]
2019-10-27 00:18:42, [9.45, 14.15, 18.27, 1985.92, 836.65, 340.56, 28.85, 3.13, 0.0]
2019-10-27 00:23:42, [9.29, 13.61, 18.17, 1969.79, 842.47, 350.41, 29.58, 1.12, 0.0]
2019-10-27 00:28:43, [9.56, 14.09, 18.77, 2035.36, 852.94, 344.46, 32.33, 1.65, 0.0]
2019-10-27 00:33:43, [11.16, 16.68, 22.15, 2282.47, 982.61, 412.36, 35.07, 4.11, 0.0]
2019-10-27 00:38:43, [11.41, 17.21, 22.52, 2314.95, 997.83, 419.45, 32.68, 2.66, 0.0]
2019-10-27 00:43:43, [12.28, 18.08, 23.37, 2470.73, 1049.04, 431.74, 35.04, 1.42, 0.0]
2019-10-27 00:48:42, [13.51, 19.42, 26.09, 2738.74, 1182.96, 498.65, 42.23, 3.33, 0.0]
2019-10-27 00:53:42, [14.34, 20.99, 27.02, 2815.06, 1214.79, 511.38, 45.62, 4.25, 0.0]
2019-10-27 00:58:42, [14.22, 21.12, 27.54, 2816.47, 1215.08, 511.33, 47.45, 3.99, 0.0]
