2019-09-26 05:52:58, [0.0, 0.01, 0.03, 399.93, 151.69, 52.07, 6.54, 0.0, 0.0]
2019-09-26 05:57:58, [0.0, 0.0, 0.0, 247.49, 95.93, 34.46, 1.66, 0.0, 0.0]
2019-09-26 06:02:57, [13.09, 17.67, 20.69, 2627.7, 982.28, 325.77, 17.85, 0.3, 0.0]
2019-09-26 06:07:58, [22.01, 29.68, 34.97, 4005.22, 1547.66, 546.73, 35.81, 1.12, 0.0]
2019-09-26 06:12:58, [5.34, 8.27, 10.59, 1360.83, 523.32, 183.51, 12.74, 0.0, 0.0]
2019-09-26 06:17:58, [0.23, 0.76, 1.15, 392.41, 148.99, 51.28, 3.61, 0.0, 0.0]
2019-09-26 06:22:58, [0.0, 0.0, 0.0, 165.77, 62.12, 20.98, 0.1, 0.0, 0.0]
2019-09-26 06:27:57, [0.0, 0.0, 0.0, 151.3, 56.6, 19.19, 0.16, 0.0, 0.0]
2019-09-26 06:32:58, [0.0, 0.0, 0.0, 137.73, 53.89, 19.79, 0.1, 0.0, 0.0]
2019-09-26 06:37:58, [0.0, 0.0, 0.0, 125.37, 49.34, 18.4, 0.07, 0.0, 0.0]
2019-09-26 06:42:57, [0.0, 0.0, 0.0, 125.62, 48.95, 17.85, 0.04, 0.0, 0.0]
2019-09-26 06:47:58, [0.0, 0.0, 0.0, 147.22, 53.66, 17.27, 0.0, 0.0, 0.0]
2019-09-26 06:52:58, [0.39, 1.75, 2.35, 535.12, 215.09, 81.66, 3.35, 0.0, 0.0]
2019-09-26 06:57:57, [0.17, 1.7, 2.68, 586.01, 239.42, 93.28, 9.55, 0.34, 0.0]
2019-09-26 07:02:58, [0.0, 0.54, 0.76, 415.19, 160.93, 57.49, 4.5, 0.0, 0.0]
2019-09-26 07:07:58, [0.0, 0.04, 0.08, 368.44, 139.31, 47.56, 4.75, 0.0, 0.0]
2019-09-26 07:12:57, [0.0, 0.53, 0.86, 464.8, 170.19, 54.32, 3.18, 0.0, 0.0]
2019-09-26 07:17:58, [0.0, 0.0, 0.0, 294.08, 111.25, 38.16, 1.72, 0.0, 0.0]
2019-09-26 07:22:57, [0.0, 0.0, 0.0, 185.86, 74.77, 28.68, 0.39, 0.0, 0.0]
2019-09-26 07:27:58, [0.0, 0.0, 0.0, 129.45, 53.77, 21.83, 0.28, 0.0, 0.0]
2019-09-26 07:32:58, [0.0, 0.0, 0.0, 117.18, 47.57, 18.63, 0.0, 0.0, 0.0]
2019-09-26 07:37:58, [0.0, 0.0, 0.0, 91.74, 38.21, 15.63, 0.0, 0.0, 0.0]
2019-09-26 07:42:58, [0.0, 0.0, 0.0, 69.93, 28.86, 11.74, 0.0, 0.0, 0.0]
2019-09-26 07:47:57, [0.0, 0.0, 0.0, 96.37, 33.18, 9.51, 0.0, 0.0, 0.0]
2019-09-26 07:52:58, [0.0, 0.0, 0.0, 88.91, 33.7, 11.83, 0.0, 0.0, 0.0]
2019-09-26 07:57:57, [0.04, 0.68, 1.04, 376.79, 140.98, 47.16, 2.17, 0.0, 0.0]
2019-09-26 08:02:58, [1.1, 3.16, 4.57, 742.96, 303.15, 117.77, 8.92, 0.0, 0.0]
2019-09-26 08:07:58, [1.08, 3.28, 4.81, 692.08, 287.42, 114.77, 9.46, 0.0, 0.0]
2019-09-26 08:12:58, [0.03, 1.34, 2.18, 529.96, 208.84, 76.73, 8.51, 0.0, 0.0]
2019-09-26 08:17:58, [0.66, 2.21, 3.24, 627.81, 254.26, 97.67, 9.75, 0.0, 0.0]
2019-09-26 08:22:58, [0.29, 1.36, 2.32, 518.34, 203.0, 73.79, 8.0, 0.0, 0.0]
2019-09-26 08:27:57, [0.0, 0.22, 0.36, 360.14, 138.23, 48.55, 2.86, 0.0, 0.0]
2019-09-26 08:32:58, [0.0, 0.0, 0.0, 201.6, 75.84, 25.85, 0.74, 0.0, 0.0]
2019-09-26 08:37:57, [0.0, 0.0, 0.0, 91.92, 37.54, 14.99, 0.0, 0.0, 0.0]
2019-09-26 08:42:58, [0.0, 0.0, 0.0, 302.98, 106.51, 31.15, 0.0, 0.0, 0.0]
2019-09-26 08:47:57, [0.0, 0.0, 0.0, 183.67, 68.01, 22.5, 0.0, 0.0, 0.0]
2019-09-26 08:52:58, [0.0, 0.0, 0.0, 130.78, 47.67, 15.41, 0.0, 0.0, 0.0]
2019-09-26 08:57:57, [0.0, 0.0, 0.0, 114.24, 40.47, 12.3, 0.0, 0.0, 0.0]
2019-09-26 09:02:58, [0.0, 0.0, 0.0, 132.45, 50.33, 17.59, 0.0, 0.0, 0.0]
2019-09-26 09:07:57, [0.0, 0.0, 0.0, 166.3, 61.07, 19.91, 0.05, 0.0, 0.0]
2019-09-26 09:12:58, [0.0, 0.0, 0.0, 174.74, 64.57, 21.24, 0.0, 0.0, 0.0]
2019-09-26 09:17:58, [0.0, 0.0, 0.0, 190.17, 65.62, 18.43, 0.0, 0.0, 0.0]
2019-09-26 09:22:58, [0.0, 0.0, 0.0, 142.32, 53.04, 17.82, 0.0, 0.0, 0.0]
2019-09-26 09:27:58, [0.0, 0.0, 0.0, 102.84, 36.67, 11.36, 0.0, 0.0, 0.0]
2019-09-26 09:32:58, [0.0, 0.0, 0.0, 116.73, 42.44, 13.65, 0.0, 0.0, 0.0]
2019-09-26 09:37:58, [0.0, 0.0, 0.0, 156.01, 58.69, 20.1, 0.0, 0.0, 0.0]
2019-09-26 09:42:57, [0.0, 0.0, 0.0, 162.59, 60.52, 20.25, 0.0, 0.0, 0.0]
2019-09-26 09:47:58, [0.0, 0.0, 0.0, 162.49, 59.93, 19.72, 0.0, 0.0, 0.0]
2019-09-26 09:52:57, [0.0, 0.0, 0.0, 211.59, 74.77, 22.25, 0.0, 0.0, 0.0]
2019-09-26 09:57:58, [0.0, 0.0, 0.0, 217.09, 81.55, 27.64, 0.18, 0.0, 0.0]
2019-09-26 10:02:57, [0.0, 0.0, 0.0, 200.16, 72.17, 22.53, 0.12, 0.0, 0.0]
2019-09-26 10:07:58, [0.0, 0.0, 0.0, 166.0, 60.85, 19.71, 0.05, 0.0, 0.0]
2019-09-26 10:12:58, [0.0, 0.0, 0.0, 148.37, 53.74, 16.98, 0.0, 0.0, 0.0]
2019-09-26 10:17:58, [0.0, 0.0, 0.0, 152.51, 57.76, 20.03, 0.0, 0.0, 0.0]
2019-09-26 10:22:58, [0.0, 0.0, 0.0, 165.58, 62.43, 21.41, 0.0, 0.0, 0.0]
2019-09-26 10:27:57, [0.0, 0.0, 0.0, 169.45, 63.24, 21.2, 0.0, 0.0, 0.0]
2019-09-26 10:32:58, [0.0, 0.0, 0.0, 161.65, 61.46, 21.36, 0.0, 0.0, 0.0]
2019-09-26 10:37:58, [0.0, 0.0, 0.0, 143.82, 52.04, 16.46, 0.11, 0.0, 0.0]
2019-09-26 10:42:57, [0.0, 0.0, 0.0, 161.17, 59.0, 19.11, 0.44, 0.0, 0.0]
2019-09-26 10:47:58, [0.0, 0.0, 0.0, 162.26, 61.38, 21.18, 0.02, 0.0, 0.0]
2019-09-26 10:52:57, [0.0, 0.0, 0.0, 133.96, 51.25, 18.15, 0.0, 0.0, 0.0]
2019-09-26 10:57:58, [0.0, 0.0, 0.0, 97.42, 37.57, 13.61, 0.0, 0.0, 0.0]
2019-09-26 11:02:58, [0.0, 0.0, 0.0, 126.12, 49.24, 18.14, 0.02, 0.0, 0.0]
2019-09-26 11:07:57, [0.0, 0.0, 0.0, 104.71, 40.04, 14.23, 0.0, 0.0, 0.0]
2019-09-26 11:12:58, [0.0, 0.0, 0.0, 113.47, 44.89, 16.89, 0.0, 0.0, 0.0]
2019-09-26 11:17:58, [0.0, 0.0, 0.0, 109.88, 38.76, 11.67, 0.0, 0.0, 0.0]
2019-09-26 11:22:57, [0.0, 0.0, 0.0, 111.35, 42.18, 14.72, 0.0, 0.0, 0.0]
2019-09-26 11:27:58, [0.0, 0.0, 0.0, 105.46, 39.42, 13.44, 0.0, 0.0, 0.0]
2019-09-26 11:32:57, [0.0, 0.0, 0.0, 111.32, 44.13, 16.73, 0.0, 0.0, 0.0]
2019-09-26 11:37:58, [0.0, 0.0, 0.0, 99.36, 36.02, 11.58, 0.0, 0.0, 0.0]
2019-09-26 11:42:58, [0.0, 0.0, 0.0, 103.58, 38.08, 12.53, 0.0, 0.0, 0.0]
2019-09-26 11:47:57, [0.0, 0.0, 0.0, 102.46, 40.28, 14.97, 0.0, 0.0, 0.0]
2019-09-26 11:52:58, [0.0, 0.0, 0.0, 100.7, 37.75, 12.96, 0.0, 0.0, 0.0]
2019-09-26 11:57:58, [0.0, 0.0, 0.0, 101.07, 35.41, 10.57, 0.0, 0.0, 0.0]
2019-09-26 12:02:58, [0.0, 0.0, 0.0, 79.23, 28.53, 9.1, 0.0, 0.0, 0.0]
2019-09-26 12:07:58, [0.0, 0.0, 0.0, 103.63, 36.15, 10.64, 0.05, 0.0, 0.0]
2019-09-26 12:12:57, [0.0, 0.0, 0.0, 94.99, 32.32, 9.0, 0.0, 0.0, 0.0]
2019-09-26 12:17:58, [0.0, 0.0, 0.0, 102.42, 34.97, 9.8, 0.0, 0.0, 0.0]
2019-09-26 12:22:57, [0.0, 0.0, 0.0, 92.26, 32.81, 10.12, 0.0, 0.0, 0.0]
2019-09-26 12:27:58, [0.0, 0.0, 0.0, 110.63, 44.07, 16.76, 0.0, 0.0, 0.0]
2019-09-26 12:32:58, [0.0, 0.0, 0.0, 135.3, 55.88, 22.41, 0.58, 0.0, 0.0]
2019-09-26 12:37:57, [0.0, 0.0, 0.0, 117.24, 47.67, 18.75, 0.08, 0.0, 0.0]
2019-09-26 12:42:58, [0.0, 0.0, 0.0, 138.81, 53.97, 19.65, 0.12, 0.0, 0.0]
2019-09-26 12:47:58, [0.0, 0.0, 0.0, 101.92, 40.99, 15.97, 0.0, 0.0, 0.0]
2019-09-26 12:52:58, [0.0, 0.0, 0.0, 92.46, 36.86, 14.04, 0.03, 0.0, 0.0]
2019-09-26 12:57:58, [0.0, 0.0, 0.0, 95.67, 33.36, 9.89, 0.0, 0.0, 0.0]
2019-09-26 13:02:57, [0.0, 0.0, 0.0, 120.37, 45.79, 16.09, 0.0, 0.0, 0.0]
2019-09-26 13:07:58, [0.0, 0.0, 0.0, 148.13, 60.14, 23.47, 0.26, 0.0, 0.0]
2019-09-26 13:12:58, [0.0, 0.0, 0.0, 130.8, 51.68, 19.43, 0.19, 0.0, 0.0]
2019-09-26 13:17:58, [0.0, 0.0, 0.0, 134.77, 51.75, 18.41, 0.02, 0.0, 0.0]
2019-09-26 13:22:58, [0.0, 0.0, 0.0, 147.63, 59.85, 23.3, 0.46, 0.0, 0.0]
2019-09-26 13:27:57, [0.0, 0.0, 0.0, 127.81, 48.34, 16.73, 0.0, 0.0, 0.0]
2019-09-26 13:32:58, [0.0, 0.0, 0.0, 152.95, 58.3, 20.4, 0.04, 0.0, 0.0]
2019-09-26 13:37:57, [0.0, 0.0, 0.0, 156.44, 58.71, 19.98, 0.54, 0.0, 0.0]
2019-09-26 13:42:58, [0.0, 0.0, 0.0, 148.17, 53.81, 17.17, 0.04, 0.0, 0.0]
2019-09-26 13:47:58, [0.0, 0.0, 0.0, 156.23, 58.8, 20.18, 0.55, 0.0, 0.0]
2019-09-26 13:52:57, [0.0, 0.0, 0.0, 133.14, 47.58, 14.69, 0.25, 0.0, 0.0]
2019-09-26 13:57:58, [0.0, 0.0, 0.0, 119.69, 46.66, 17.19, 0.0, 0.0, 0.0]
2019-09-26 14:02:58, [0.0, 0.0, 0.0, 120.48, 43.27, 13.53, 0.0, 0.0, 0.0]
2019-09-26 14:07:57, [0.0, 0.0, 0.0, 125.24, 47.48, 16.6, 0.0, 0.0, 0.0]
2019-09-26 14:12:58, [0.0, 0.0, 0.0, 127.47, 51.74, 20.24, 0.09, 0.0, 0.0]
2019-09-26 14:17:57, [0.0, 0.0, 0.0, 142.68, 52.12, 16.85, 0.0, 0.0, 0.0]
2019-09-26 14:22:58, [0.0, 0.0, 0.0, 136.09, 48.79, 15.17, 0.0, 0.0, 0.0]
2019-09-26 14:27:58, [0.0, 0.0, 0.0, 115.77, 43.02, 14.41, 0.0, 0.0, 0.0]
2019-09-26 14:32:58, [0.0, 0.0, 0.0, 125.77, 47.71, 16.61, 0.0, 0.0, 0.0]
2019-09-26 14:37:58, [0.0, 0.0, 0.0, 114.66, 45.0, 16.66, 0.0, 0.0, 0.0]
2019-09-26 14:42:57, [0.0, 0.0, 0.0, 103.3, 38.46, 12.96, 0.0, 0.0, 0.0]
2019-09-26 14:47:58, [0.0, 0.0, 0.0, 104.13, 33.3, 7.67, 0.0, 0.0, 0.0]
2019-09-26 14:52:57, [0.0, 0.0, 0.0, 77.62, 23.44, 4.46, 0.0, 0.0, 0.0]
2019-09-26 14:57:58, [0.0, 0.0, 0.0, 81.02, 25.19, 5.33, 0.0, 0.0, 0.0]
2019-09-26 15:02:57, [0.0, 0.0, 0.0, 78.11, 25.53, 6.38, 0.0, 0.0, 0.0]
2019-09-26 15:07:58, [0.0, 0.0, 0.0, 89.96, 33.75, 11.65, 0.0, 0.0, 0.0]
2019-09-26 15:12:58, [0.0, 0.0, 0.0, 93.58, 35.72, 12.68, 0.03, 0.0, 0.0]
2019-09-26 15:17:58, [0.0, 0.0, 0.0, 104.7, 39.58, 13.81, 0.0, 0.0, 0.0]
2019-09-26 15:22:58, [0.0, 0.0, 0.0, 119.83, 42.04, 12.39, 0.0, 0.0, 0.0]
2019-09-26 15:27:58, [0.0, 0.0, 0.0, 118.49, 42.62, 13.42, 0.0, 0.0, 0.0]
2019-09-26 15:32:58, [0.0, 0.0, 0.0, 145.09, 54.09, 18.18, 0.0, 0.0, 0.0]
2019-09-26 15:37:58, [0.0, 0.0, 0.0, 135.06, 47.85, 14.48, 0.0, 0.0, 0.0]
2019-09-26 15:42:57, [0.0, 0.0, 0.0, 134.45, 50.98, 17.76, 0.04, 0.0, 0.0]
2019-09-26 15:47:58, [0.0, 0.0, 0.0, 118.27, 43.38, 14.22, 0.0, 0.0, 0.0]
2019-09-26 15:52:57, [0.0, 0.0, 0.0, 147.58, 56.01, 19.48, 0.11, 0.0, 0.0]
2019-09-26 15:57:58, [0.0, 0.0, 0.0, 128.59, 50.65, 18.91, 0.0, 0.0, 0.0]
2019-09-26 16:02:57, [0.0, 0.0, 0.0, 119.94, 43.49, 13.88, 0.0, 0.0, 0.0]
2019-09-26 16:07:58, [0.0, 0.0, 0.0, 134.5, 50.64, 17.34, 0.0, 0.0, 0.0]
2019-09-26 16:12:58, [0.0, 0.0, 0.0, 158.05, 56.98, 17.85, 0.0, 0.0, 0.0]
2019-09-26 16:17:58, [0.0, 0.0, 0.0, 140.41, 53.4, 18.7, 0.0, 0.0, 0.0]
2019-09-26 16:22:58, [0.0, 0.0, 0.0, 143.56, 52.77, 17.23, 0.08, 0.0, 0.0]
2019-09-26 16:27:57, [0.0, 0.0, 0.0, 138.37, 50.99, 16.74, 0.03, 0.0, 0.0]
2019-09-26 16:32:58, [0.0, 0.0, 0.0, 153.86, 58.47, 20.36, 0.0, 0.0, 0.0]
2019-09-26 16:37:57, [0.0, 0.0, 0.0, 166.62, 62.15, 20.86, 0.0, 0.0, 0.0]
2019-09-26 16:42:58, [0.0, 0.0, 0.0, 170.99, 62.98, 20.66, 0.33, 0.0, 0.0]
2019-09-26 16:47:57, [0.0, 0.0, 0.0, 136.33, 53.75, 20.05, 0.27, 0.0, 0.0]
2019-09-26 16:52:58, [0.0, 0.0, 0.0, 155.5, 58.79, 20.22, 0.13, 0.0, 0.0]
2019-09-26 16:57:57, [0.0, 0.0, 0.0, 145.17, 52.56, 16.68, 0.24, 0.0, 0.0]
2019-09-26 17:02:58, [0.0, 0.0, 0.0, 132.54, 53.12, 20.36, 0.04, 0.0, 0.0]
2019-09-26 17:07:57, [0.0, 0.0, 0.0, 139.09, 52.04, 17.6, 0.24, 0.0, 0.0]
2019-09-26 17:12:58, [0.0, 0.0, 0.0, 159.16, 59.34, 19.93, 0.23, 0.0, 0.0]
2019-09-26 17:17:58, [0.0, 0.0, 0.0, 152.33, 56.28, 18.55, 0.0, 0.0, 0.0]
2019-09-26 17:22:58, [0.0, 0.0, 0.0, 131.93, 51.26, 18.67, 0.03, 0.0, 0.0]
2019-09-26 17:27:58, [0.0, 0.0, 0.0, 147.04, 55.35, 18.92, 0.17, 0.0, 0.0]
2019-09-26 17:32:58, [0.0, 0.0, 0.0, 144.06, 57.18, 21.57, 0.76, 0.0, 0.0]
2019-09-26 17:37:58, [0.0, 0.0, 0.0, 180.42, 64.85, 20.11, 0.0, 0.0, 0.0]
2019-09-26 17:42:58, [0.0, 0.0, 0.0, 136.36, 52.46, 18.74, 0.03, 0.0, 0.0]
2019-09-26 17:47:58, [0.0, 0.0, 0.0, 143.8, 51.1, 15.55, 0.0, 0.0, 0.0]
2019-09-26 17:52:58, [0.0, 0.0, 0.0, 148.35, 57.03, 20.29, 0.15, 0.0, 0.0]
2019-09-26 17:57:58, [0.0, 0.0, 0.0, 140.54, 54.53, 19.74, 0.2, 0.0, 0.0]
2019-09-26 18:02:58, [0.0, 0.0, 0.0, 134.26, 54.97, 21.75, 0.17, 0.0, 0.0]
2019-09-26 18:07:58, [0.0, 0.0, 0.0, 142.89, 52.55, 17.16, 0.09, 0.0, 0.0]
2019-09-26 18:12:58, [0.0, 0.0, 0.0, 126.79, 50.05, 18.75, 0.0, 0.0, 0.0]
2019-09-26 18:17:58, [0.0, 0.0, 0.0, 146.95, 57.34, 20.96, 0.19, 0.0, 0.0]
2019-09-26 18:22:58, [0.0, 0.0, 0.0, 152.67, 59.2, 21.42, 0.27, 0.0, 0.0]
2019-09-26 18:27:58, [0.0, 0.0, 0.0, 140.38, 53.15, 18.38, 0.0, 0.0, 0.0]
2019-09-26 18:32:58, [0.0, 0.0, 0.0, 152.98, 59.37, 21.5, 0.02, 0.0, 0.0]
2019-09-26 18:37:58, [0.0, 0.0, 0.0, 144.57, 58.94, 23.07, 0.21, 0.0, 0.0]
2019-09-26 18:42:58, [0.0, 0.0, 0.0, 146.25, 59.07, 22.88, 0.41, 0.0, 0.0]
2019-09-26 18:47:58, [0.0, 0.0, 0.0, 124.42, 49.45, 18.75, 0.09, 0.0, 0.0]
2019-09-26 18:52:58, [0.0, 0.0, 0.0, 146.54, 57.8, 21.54, 0.68, 0.0, 0.0]
2019-09-26 18:57:57, [0.0, 0.0, 0.0, 147.41, 55.91, 19.42, 0.0, 0.0, 0.0]
2019-09-26 19:02:58, [0.0, 0.0, 0.0, 162.87, 64.87, 24.52, 0.23, 0.0, 0.0]
2019-09-26 19:07:57, [0.0, 0.0, 0.0, 150.87, 57.66, 20.29, 0.09, 0.01, 0.0]
2019-09-26 19:12:58, [0.0, 0.0, 0.0, 142.75, 52.8, 17.52, 0.2, 0.0, 0.0]
2019-09-26 19:17:57, [0.0, 0.0, 0.0, 134.87, 53.37, 20.03, 0.0, 0.0, 0.0]
2019-09-26 19:22:58, [0.0, 0.0, 0.0, 147.37, 56.18, 19.71, 0.28, 0.0, 0.0]
2019-09-26 19:27:58, [0.0, 0.0, 0.0, 129.35, 48.95, 16.95, 0.13, 0.0, 0.0]
2019-09-26 19:32:57, [0.0, 0.0, 0.0, 164.73, 56.62, 15.87, 0.0, 0.0, 0.0]
2019-09-26 19:37:58, [0.0, 0.0, 0.0, 166.28, 60.92, 19.71, 0.0, 0.0, 0.0]
2019-09-26 19:42:58, [0.0, 0.0, 0.0, 143.25, 58.92, 23.45, 0.61, 0.0, 0.0]
2019-09-26 19:47:57, [0.0, 0.0, 0.0, 177.01, 68.13, 24.25, 0.35, 0.0, 0.0]
2019-09-26 19:52:58, [0.0, 0.0, 0.0, 151.58, 59.31, 21.76, 0.32, 0.0, 0.0]
2019-09-26 19:57:58, [0.0, 0.0, 0.0, 143.94, 57.41, 21.75, 0.11, 0.0, 0.0]
2019-09-26 20:02:58, [0.0, 0.0, 0.0, 153.26, 58.58, 20.69, 0.21, 0.0, 0.0]
2019-09-26 20:07:57, [0.0, 0.0, 0.0, 168.46, 60.01, 18.25, 0.0, 0.0, 0.0]
2019-09-26 20:12:57, [0.0, 0.0, 0.0, 151.11, 57.91, 20.45, 0.2, 0.0, 0.0]
2019-09-26 20:17:58, [0.0, 0.0, 0.0, 150.16, 58.31, 21.16, 0.19, 0.0, 0.0]
2019-09-26 20:22:58, [0.0, 0.0, 0.0, 150.14, 58.17, 21.05, 0.11, 0.0, 0.0]
2019-09-26 20:27:58, [0.0, 0.0, 0.0, 155.21, 58.45, 20.03, 0.57, 0.0, 0.0]
2019-09-26 20:32:58, [0.0, 0.0, 0.0, 160.75, 63.37, 23.56, 0.79, 0.01, 0.0]
2019-09-26 20:37:57, [0.0, 0.0, 0.0, 189.29, 72.87, 25.93, 0.38, 0.0, 0.0]
2019-09-26 20:42:57, [0.0, 0.0, 0.0, 162.37, 63.63, 23.39, 0.11, 0.0, 0.0]
2019-09-26 20:47:57, [0.0, 0.0, 0.0, 151.01, 59.35, 22.01, 0.38, 0.0, 0.0]
2019-09-26 20:52:58, [0.0, 0.0, 0.0, 151.86, 57.07, 19.44, 0.3, 0.0, 0.0]
2019-09-26 20:57:58, [0.0, 0.0, 0.0, 181.82, 69.39, 24.29, 1.7, 0.0, 0.0]
2019-09-26 21:02:58, [0.0, 0.0, 0.0, 177.85, 68.83, 24.79, 0.43, 0.0, 0.0]
2019-09-26 21:07:58, [0.0, 0.0, 0.0, 181.69, 68.57, 23.54, 0.86, 0.0, 0.0]
2019-09-26 21:12:58, [0.0, 0.0, 0.0, 194.68, 73.97, 25.62, 0.79, 0.0, 0.0]
2019-09-26 21:17:58, [0.0, 0.0, 0.0, 174.2, 70.11, 26.97, 0.46, 0.0, 0.0]
2019-09-26 21:22:57, [0.0, 0.0, 0.0, 173.53, 67.38, 24.38, 0.54, 0.0, 0.0]
2019-09-26 21:27:57, [0.0, 0.0, 0.0, 191.69, 70.7, 23.17, 0.23, 0.0, 0.0]
2019-09-26 21:32:57, [0.0, 0.0, 0.0, 177.63, 71.13, 27.08, 1.37, 0.0, 0.0]
2019-09-26 21:37:58, [0.0, 0.0, 0.0, 180.11, 71.75, 27.12, 1.36, 0.0, 0.0]
2019-09-26 21:42:58, [0.0, 0.0, 0.0, 186.01, 68.44, 22.43, 1.33, 0.0, 0.0]
2019-09-26 21:47:58, [0.0, 0.0, 0.0, 163.39, 62.97, 22.48, 0.73, 0.0, 0.0]
2019-09-26 21:52:58, [0.0, 0.0, 0.0, 174.71, 67.31, 23.98, 1.24, 0.0, 0.0]
2019-09-26 21:57:58, [0.0, 0.0, 0.0, 176.67, 69.55, 25.79, 1.02, 0.0, 0.0]
2019-09-26 22:02:58, [0.0, 0.0, 0.0, 170.62, 69.67, 27.41, 1.44, 0.0, 0.0]
2019-09-26 22:07:57, [0.0, 0.0, 0.0, 201.34, 73.98, 24.04, 0.27, 0.0, 0.0]
2019-09-26 22:12:57, [0.0, 0.0, 0.0, 171.58, 66.05, 23.53, 0.95, 0.0, 0.0]
2019-09-26 22:17:57, [0.0, 0.0, 0.0, 199.29, 73.55, 24.1, 0.7, 0.0, 0.0]
2019-09-26 22:22:58, [0.0, 0.0, 0.0, 174.89, 70.44, 27.11, 1.52, 0.0, 0.0]
2019-09-26 22:27:58, [0.0, 0.0, 0.0, 183.09, 70.89, 25.42, 0.36, 0.03, 0.0]
2019-09-26 22:32:58, [0.0, 0.0, 0.0, 167.99, 62.21, 20.52, 0.22, 0.0, 0.0]
2019-09-26 22:37:58, [0.0, 0.0, 0.0, 172.46, 68.56, 25.85, 1.45, 0.0, 0.0]
2019-09-26 22:42:58, [0.0, 0.0, 0.0, 158.12, 62.32, 23.18, 0.33, 0.0, 0.0]
2019-09-26 22:47:57, [0.0, 0.0, 0.0, 155.95, 60.98, 22.38, 0.91, 0.0, 0.0]
2019-09-26 22:52:57, [0.0, 0.0, 0.0, 169.63, 63.76, 21.71, 0.22, 0.01, 0.0]
2019-09-26 22:57:58, [0.0, 0.0, 0.0, 168.92, 64.83, 22.95, 0.54, 0.0, 0.0]
2019-09-26 23:02:58, [0.0, 0.0, 0.0, 174.73, 65.09, 21.8, 0.32, 0.0, 0.0]
2019-09-26 23:07:58, [0.0, 0.0, 0.0, 179.47, 64.76, 20.25, 0.09, 0.0, 0.0]
2019-09-26 23:12:58, [0.0, 0.0, 0.0, 168.89, 68.05, 26.22, 0.86, 0.0, 0.0]
2019-09-26 23:17:57, [0.0, 0.0, 0.0, 163.25, 65.52, 25.02, 1.35, 0.0, 0.0]
2019-09-26 23:22:58, [0.0, 0.0, 0.0, 160.66, 60.22, 20.43, 0.65, 0.0, 0.0]
2019-09-26 23:27:58, [0.0, 0.0, 0.0, 156.92, 63.39, 24.56, 2.82, 0.0, 0.0]
2019-09-26 23:32:58, [0.0, 0.0, 0.0, 165.66, 65.87, 24.84, 1.37, 0.0, 0.0]
2019-09-26 23:37:58, [0.0, 0.0, 0.0, 167.75, 69.28, 27.75, 2.28, 0.1, 0.0]
2019-09-26 23:42:57, [0.0, 0.0, 0.0, 173.21, 73.52, 30.6, 4.26, 0.02, 0.0]
2019-09-26 23:47:57, [0.0, 0.0, 0.0, 172.52, 71.21, 28.43, 2.97, 0.0, 0.0]
2019-09-26 23:52:58, [0.0, 0.0, 0.0, 169.58, 76.9, 34.89, 4.76, 0.09, 0.0]
2019-09-26 23:57:58, [0.0, 0.0, 0.0, 152.68, 62.44, 24.64, 0.93, 0.08, 0.0]
2019-09-27 00:02:58, [0.0, 0.0, 0.0, 167.15, 69.24, 27.81, 2.87, 0.0, 0.0]
2019-09-27 00:07:57, [0.0, 0.0, 0.0, 167.73, 71.18, 29.64, 2.32, 0.0, 0.0]
2019-09-27 00:12:57, [0.0, 0.0, 0.0, 142.07, 55.66, 20.54, 1.16, 0.1, 0.0]
2019-09-27 00:17:58, [0.0, 0.0, 0.0, 163.01, 66.72, 26.37, 1.36, 0.0, 0.0]
2019-09-27 00:22:58, [0.0, 0.0, 0.0, 174.9, 70.91, 27.57, 2.49, 0.0, 0.0]
2019-09-27 00:27:58, [0.0, 0.0, 0.0, 184.42, 71.86, 26.15, 2.74, 0.0, 0.0]
2019-09-27 00:32:58, [0.0, 0.0, 0.0, 231.34, 89.97, 32.52, 2.88, 0.0, 0.0]
2019-09-27 00:37:57, [0.0, 0.0, 0.0, 211.52, 84.53, 32.01, 1.53, 0.0, 0.0]
2019-09-27 00:42:57, [0.0, 0.0, 0.0, 143.65, 57.37, 21.89, 0.49, 0.0, 0.0]
2019-09-27 00:47:58, [0.0, 0.0, 0.0, 187.62, 74.11, 27.62, 0.77, 0.0, 0.0]
2019-09-27 00:52:58, [0.0, 0.0, 0.0, 164.41, 65.07, 24.33, 1.21, 0.0, 0.0]
2019-09-27 00:57:58, [0.0, 0.0, 0.0, 147.24, 63.13, 26.64, 0.04, 0.0, 0.0]
2019-09-27 01:02:58, [0.0, 0.0, 0.0, 175.07, 67.03, 23.63, 0.87, 0.0, 0.0]
2019-09-27 01:07:57, [0.0, 0.0, 0.0, 139.79, 56.63, 22.01, 0.62, 0.0, 0.0]
2019-09-27 01:12:57, [0.0, 0.0, 0.0, 142.43, 57.45, 22.23, 0.62, 0.0, 0.0]
2019-09-27 01:17:58, [0.0, 0.0, 0.0, 124.98, 51.73, 20.88, 0.08, 0.0, 0.0]
2019-09-27 01:22:58, [0.0, 0.0, 0.0, 149.87, 60.48, 23.35, 1.22, 0.0, 0.0]
2019-09-27 01:27:58, [0.0, 0.0, 0.0, 151.5, 60.82, 23.31, 1.45, 0.0, 0.0]
2019-09-27 01:32:58, [0.0, 0.0, 0.0, 142.32, 55.38, 20.18, 0.2, 0.0, 0.0]
2019-09-27 01:37:58, [0.0, 0.0, 0.0, 157.27, 62.03, 23.02, 0.62, 0.0, 0.0]
2019-09-27 01:42:57, [0.0, 0.0, 0.0, 177.12, 68.61, 24.73, 1.64, 0.0, 0.0]
2019-09-27 01:47:58, [0.0, 0.0, 0.0, 199.21, 78.28, 28.83, 1.66, 0.0, 0.0]
2019-09-27 01:52:58, [0.0, 0.0, 0.0, 167.7, 68.88, 27.32, 1.0, 0.0, 0.0]
2019-09-27 01:57:58, [0.0, 0.0, 0.0, 163.1, 63.6, 23.18, 0.57, 0.0, 0.0]
2019-09-27 02:02:58, [0.04, 0.2, 0.3, 322.54, 112.21, 31.95, 1.4, 0.0, 0.0]
2019-09-27 02:07:58, [0.0, 0.23, 0.41, 350.77, 124.87, 37.54, 1.03, 0.0, 0.0]
2019-09-27 02:12:57, [0.0, 0.0, 0.0, 224.09, 87.97, 32.32, 2.04, 0.0, 0.0]
2019-09-27 02:17:57, [0.0, 0.0, 0.0, 169.95, 65.53, 23.43, 1.57, 0.0, 0.0]
2019-09-27 02:22:58, [0.0, 0.0, 0.0, 184.29, 74.79, 29.09, 1.33, 0.0, 0.0]
2019-09-27 02:27:58, [0.0, 0.0, 0.0, 171.13, 64.38, 22.0, 0.64, 0.0, 0.0]
2019-09-27 02:32:58, [0.0, 0.0, 0.0, 206.71, 76.74, 25.43, 1.68, 0.02, 0.0]
2019-09-27 02:37:58, [0.0, 0.0, 0.0, 172.89, 67.98, 25.11, 1.04, 0.0, 0.0]
2019-09-27 02:42:57, [0.0, 0.0, 0.0, 195.05, 76.03, 27.68, 1.95, 0.06, 0.0]
2019-09-27 02:47:57, [0.0, 0.0, 0.0, 216.36, 79.05, 25.33, 1.51, 0.0, 0.0]
2019-09-27 02:52:57, [0.0, 0.0, 0.0, 196.43, 77.36, 28.61, 1.02, 0.0, 0.0]
2019-09-27 02:57:58, [0.0, 0.0, 0.0, 237.42, 93.05, 34.07, 2.04, 0.0, 0.0]
2019-09-27 03:02:58, [0.0, 0.0, 0.0, 228.63, 92.09, 35.32, 1.7, 0.0, 0.0]
2019-09-27 03:07:58, [0.0, 0.0, 0.0, 194.62, 75.29, 26.98, 1.42, 0.0, 0.0]
2019-09-27 03:12:58, [0.0, 0.0, 0.0, 183.07, 71.02, 25.69, 0.79, 0.0, 0.0]
2019-09-27 03:17:57, [0.0, 0.0, 0.0, 180.82, 76.08, 31.29, 1.27, 0.0, 0.0]
2019-09-27 03:22:57, [0.0, 0.0, 0.0, 196.2, 82.79, 34.13, 2.68, 0.0, 0.0]
2019-09-27 03:27:58, [0.0, 0.0, 0.0, 222.54, 83.64, 28.42, 2.89, 0.0, 0.0]
2019-09-27 03:32:58, [0.0, 0.0, 0.0, 202.36, 77.52, 27.3, 2.22, 0.0, 0.0]
2019-09-27 03:37:58, [0.0, 0.0, 0.0, 179.46, 69.69, 25.17, 1.43, 0.04, 0.0]
2019-09-27 03:42:58, [0.0, 0.0, 0.0, 200.01, 81.15, 31.56, 2.32, 0.0, 0.0]
2019-09-27 03:47:57, [0.0, 0.0, 0.0, 181.27, 65.81, 20.86, 0.25, 0.0, 0.0]
2019-09-27 03:52:57, [0.0, 0.0, 0.0, 191.28, 72.48, 25.05, 0.63, 0.0, 0.0]
2019-09-27 03:57:58, [0.0, 0.0, 0.0, 182.59, 73.71, 28.46, 1.55, 0.0, 0.0]
2019-09-27 04:02:58, [0.0, 0.0, 0.0, 184.83, 72.83, 26.99, 1.84, 0.0, 0.0]
2019-09-27 04:07:58, [0.0, 0.0, 0.0, 179.69, 70.49, 25.99, 1.58, 0.0, 0.0]
2019-09-27 04:12:58, [0.0, 0.0, 0.0, 166.46, 65.43, 24.16, 1.11, 0.0, 0.0]
2019-09-27 04:17:57, [0.0, 0.0, 0.0, 174.73, 69.99, 26.68, 1.39, 0.0, 0.0]
2019-09-27 04:22:57, [0.0, 0.0, 0.0, 173.3, 68.73, 25.75, 2.62, 0.0, 0.0]
2019-09-27 04:27:58, [0.0, 0.24, 0.33, 244.64, 97.97, 37.18, 2.29, 0.0, 0.0]
2019-09-27 04:32:58, [0.0, 0.0, 0.0, 200.39, 82.0, 32.33, 3.43, 0.09, 0.0]
2019-09-27 04:37:58, [0.0, 0.0, 0.0, 204.7, 80.84, 30.05, 1.61, 0.02, 0.0]
2019-09-27 04:42:57, [0.0, 0.0, 0.0, 176.95, 70.72, 26.84, 0.52, 0.0, 0.0]
2019-09-27 04:47:57, [0.0, 0.0, 0.0, 182.3, 70.71, 25.48, 0.97, 0.0, 0.0]
2019-09-27 04:52:58, [0.0, 0.0, 0.0, 194.57, 74.23, 25.95, 1.31, 0.0, 0.0]
2019-09-27 04:57:58, [0.0, 0.0, 0.0, 181.93, 70.59, 25.48, 0.65, 0.0, 0.0]
2019-09-27 05:02:58, [0.0, 0.0, 0.0, 175.32, 65.88, 22.43, 0.63, 0.0, 0.0]
2019-09-27 05:07:57, [0.0, 0.0, 0.0, 186.12, 77.15, 31.01, 0.5, 0.0, 0.0]
2019-09-27 05:12:57, [0.0, 0.0, 0.0, 166.26, 67.24, 26.05, 0.69, 0.0, 0.0]
2019-09-27 05:17:58, [0.0, 0.0, 0.0, 161.49, 63.94, 23.93, 0.65, 0.0, 0.0]
2019-09-27 05:22:58, [0.0, 0.0, 0.0, 167.64, 70.06, 28.49, 0.61, 0.0, 0.0]
2019-09-27 05:27:58, [0.0, 0.0, 0.0, 148.14, 58.79, 22.11, 0.51, 0.0, 0.0]
2019-09-27 05:32:57, [0.0, 0.0, 0.0, 166.34, 62.91, 21.69, 1.19, 0.0, 0.0]
2019-09-27 05:37:58, [0.0, 0.0, 0.0, 178.67, 70.46, 26.16, 3.54, 0.0, 0.0]
2019-09-27 05:42:58, [0.0, 0.0, 0.0, 174.12, 69.06, 25.9, 1.42, 0.0, 0.0]
2019-09-27 05:47:58, [0.0, 0.0, 0.0, 184.92, 74.27, 28.41, 2.6, 0.0, 0.0]
2019-09-27 05:52:57, [0.0, 0.0, 0.0, 181.62, 71.02, 25.92, 1.24, 0.0, 0.0]
2019-09-27 05:57:58, [0.0, 0.0, 0.0, 207.67, 83.8, 32.26, 1.96, 0.03, 0.0]
2019-09-27 06:02:58, [0.0, 0.0, 0.0, 167.13, 70.45, 29.02, 0.71, 0.0, 0.0]
2019-09-27 06:07:58, [0.0, 0.0, 0.0, 170.43, 63.79, 21.53, 0.92, 0.0, 0.0]
2019-09-27 06:12:57, [0.0, 0.0, 0.0, 149.61, 59.24, 22.21, 0.62, 0.0, 0.0]
2019-09-27 06:17:58, [0.0, 0.0, 0.0, 163.3, 65.53, 25.13, 1.5, 0.0, 0.0]
2019-09-27 06:22:58, [0.0, 0.0, 0.0, 142.85, 56.19, 20.86, 0.09, 0.0, 0.0]
2019-09-27 06:27:57, [0.0, 0.0, 0.0, 172.83, 70.83, 27.98, 2.18, 0.0, 0.0]
2019-09-27 06:32:58, [0.0, 0.0, 0.0, 178.69, 71.02, 26.78, 1.05, 0.0, 0.0]
2019-09-27 06:37:58, [0.0, 0.0, 0.0, 176.08, 68.7, 25.06, 0.92, 0.0, 0.0]
2019-09-27 06:42:58, [0.0, 0.0, 0.0, 137.52, 53.55, 19.56, 0.46, 0.0, 0.0]
2019-09-27 06:47:57, [0.0, 0.0, 0.0, 162.81, 63.47, 23.13, 0.88, 0.0, 0.0]
2019-09-27 06:52:58, [0.0, 0.0, 0.0, 141.55, 57.1, 22.09, 0.09, 0.0, 0.0]
2019-09-27 06:57:58, [0.0, 0.0, 0.0, 156.97, 66.29, 27.43, 0.79, 0.0, 0.0]
2019-09-27 07:02:57, [0.0, 0.0, 0.0, 196.43, 73.0, 24.26, 1.24, 0.0, 0.0]
2019-09-27 07:07:58, [0.0, 0.0, 0.0, 167.11, 66.45, 25.11, 1.15, 0.0, 0.0]
2019-09-27 07:12:58, [0.0, 0.0, 0.0, 156.06, 60.88, 22.21, 0.55, 0.0, 0.0]
2019-09-27 07:17:57, [0.0, 0.0, 0.0, 167.6, 71.4, 29.87, 0.36, 0.0, 0.0]
2019-09-27 07:22:57, [0.0, 0.0, 0.0, 151.04, 60.52, 23.2, 1.18, 0.0, 0.0]
2019-09-27 07:27:58, [0.0, 0.0, 0.0, 177.28, 69.8, 25.88, 0.75, 0.0, 0.0]
2019-09-27 07:32:58, [0.0, 0.0, 0.0, 184.84, 71.18, 25.34, 0.5, 0.0, 0.0]
2019-09-27 07:37:57, [0.0, 0.0, 0.0, 167.84, 63.0, 21.44, 0.52, 0.0, 0.0]
2019-09-27 07:42:58, [0.0, 0.0, 0.0, 158.27, 64.92, 25.75, 0.07, 0.0, 0.0]
2019-09-27 07:47:58, [0.0, 0.0, 0.0, 164.85, 66.6, 25.74, 0.29, 0.0, 0.0]
2019-09-27 07:52:57, [0.0, 0.0, 0.0, 164.47, 64.23, 23.47, 0.5, 0.0, 0.0]
2019-09-27 07:57:57, [0.0, 0.0, 0.0, 170.21, 66.94, 24.72, 0.34, 0.0, 0.0]
2019-09-27 08:02:58, [0.0, 0.0, 0.0, 158.74, 61.26, 21.95, 0.35, 0.0, 0.0]
2019-09-27 08:07:58, [0.0, 0.0, 0.0, 153.1, 59.14, 21.28, 0.01, 0.0, 0.0]
2019-09-27 08:12:57, [0.0, 0.0, 0.0, 187.96, 73.55, 26.93, 0.52, 0.0, 0.0]
2019-09-27 08:17:58, [0.0, 0.0, 0.0, 158.79, 64.35, 25.01, 0.36, 0.0, 0.0]
2019-09-27 08:22:58, [0.0, 0.0, 0.0, 162.74, 62.92, 22.57, 0.0, 0.0, 0.0]
2019-09-27 08:27:57, [0.0, 0.0, 0.0, 159.84, 62.29, 22.63, 0.14, 0.0, 0.0]
2019-09-27 08:32:58, [0.0, 0.0, 0.0, 163.28, 62.46, 22.07, 0.0, 0.0, 0.0]
2019-09-27 08:37:58, [0.0, 0.0, 0.0, 156.1, 61.63, 22.98, 0.13, 0.0, 0.0]
2019-09-27 08:42:58, [0.0, 0.0, 0.0, 135.18, 53.73, 20.33, 0.09, 0.0, 0.0]
2019-09-27 08:47:57, [0.0, 0.0, 0.0, 141.63, 55.3, 20.26, 0.0, 0.0, 0.0]
2019-09-27 08:52:58, [0.0, 0.0, 0.0, 139.75, 53.97, 19.37, 0.0, 0.0, 0.0]
2019-09-27 08:57:58, [0.0, 0.0, 0.0, 141.13, 50.27, 15.37, 0.0, 0.0, 0.0]
2019-09-27 09:02:57, [0.0, 0.0, 0.0, 131.9, 51.2, 18.59, 0.0, 0.0, 0.0]
2019-09-27 09:07:58, [0.0, 0.0, 0.0, 123.68, 48.17, 17.59, 0.01, 0.0, 0.0]
2019-09-27 09:12:58, [0.0, 0.0, 0.0, 131.82, 50.86, 18.27, 0.26, 0.0, 0.0]
2019-09-27 09:17:57, [0.0, 0.0, 0.0, 148.8, 57.68, 20.82, 0.0, 0.0, 0.0]
2019-09-27 09:22:58, [0.0, 0.0, 0.0, 102.87, 40.53, 15.13, 0.0, 0.0, 0.0]
2019-09-27 09:27:58, [0.0, 0.0, 0.0, 133.56, 51.57, 18.63, 0.0, 0.0, 0.0]
2019-09-27 09:32:58, [0.0, 0.0, 0.0, 139.29, 59.57, 25.12, 0.29, 0.0, 0.0]
2019-09-27 09:37:57, [0.0, 0.0, 0.0, 128.19, 51.35, 19.68, 0.08, 0.0, 0.0]
2019-09-27 09:42:58, [0.0, 0.0, 0.0, 130.35, 51.3, 19.03, 0.0, 0.0, 0.0]
2019-09-27 09:47:58, [0.0, 0.0, 0.0, 132.02, 55.02, 22.42, 0.0, 0.0, 0.0]
2019-09-27 09:52:57, [0.0, 0.0, 0.0, 131.09, 50.3, 17.85, 0.0, 0.0, 0.0]
2019-09-27 09:57:58, [0.0, 0.0, 0.0, 142.71, 54.65, 19.39, 0.0, 0.0, 0.0]
2019-09-27 10:02:58, [0.0, 0.0, 0.0, 123.97, 44.53, 13.98, 0.0, 0.0, 0.0]
2019-09-27 10:07:57, [0.0, 0.0, 0.0, 115.49, 38.2, 9.79, 0.0, 0.0, 0.0]
2019-09-27 10:12:58, [0.0, 0.0, 0.0, 107.57, 37.42, 10.89, 0.0, 0.0, 0.0]
2019-09-27 10:17:58, [0.0, 0.0, 0.0, 87.37, 32.64, 11.18, 0.0, 0.0, 0.0]
2019-09-27 10:22:58, [0.0, 0.0, 0.0, 97.73, 38.64, 14.55, 0.0, 0.0, 0.0]
2019-09-27 10:27:58, [0.0, 0.0, 0.0, 130.68, 50.77, 18.47, 0.06, 0.0, 0.0]
2019-09-27 10:32:58, [0.0, 0.0, 0.0, 119.61, 49.43, 19.87, 0.35, 0.0, 0.0]
2019-09-27 10:37:57, [0.0, 0.0, 0.0, 161.14, 62.74, 22.8, 0.2, 0.0, 0.0]
2019-09-27 10:42:58, [0.0, 0.0, 0.0, 193.89, 73.58, 25.47, 0.19, 0.0, 0.0]
2019-09-27 10:47:58, [0.0, 0.0, 0.0, 169.71, 65.71, 23.66, 0.31, 0.0, 0.0]
2019-09-27 10:52:58, [0.0, 0.0, 0.0, 194.25, 72.78, 24.6, 0.48, 0.0, 0.0]
2019-09-27 10:57:58, [0.0, 0.0, 0.0, 176.26, 67.29, 23.58, 0.31, 0.0, 0.0]
2019-09-27 11:02:57, [0.0, 0.0, 0.0, 166.82, 62.27, 20.93, 0.0, 0.0, 0.0]
2019-09-27 11:07:58, [0.0, 0.0, 0.0, 162.41, 60.43, 20.23, 0.0, 0.0, 0.0]
2019-09-27 11:12:57, [0.0, 0.0, 0.0, 171.82, 63.35, 20.8, 0.0, 0.0, 0.0]
2019-09-27 11:17:58, [0.0, 0.0, 0.0, 130.55, 48.7, 16.45, 0.0, 0.0, 0.0]
2019-09-27 11:22:57, [0.0, 0.0, 0.0, 139.74, 54.66, 20.06, 0.0, 0.0, 0.0]
2019-09-27 11:27:58, [0.0, 0.0, 0.0, 144.25, 54.83, 19.07, 0.0, 0.0, 0.0]
2019-09-27 11:32:58, [0.0, 0.0, 0.0, 188.31, 70.65, 24.01, 0.01, 0.0, 0.0]
2019-09-27 11:37:58, [0.0, 0.0, 0.0, 188.74, 70.24, 23.47, 0.49, 0.0, 0.0]
2019-09-27 11:42:58, [0.0, 0.0, 0.0, 190.7, 70.92, 23.62, 0.78, 0.0, 0.0]
2019-09-27 11:47:58, [0.0, 0.0, 0.0, 110.18, 40.67, 13.51, 0.0, 0.0, 0.0]
2019-09-27 11:52:58, [0.0, 0.0, 0.0, 100.92, 37.87, 13.0, 0.0, 0.0, 0.0]
2019-09-27 11:57:58, [0.0, 0.0, 0.0, 95.08, 36.36, 13.0, 0.0, 0.0, 0.0]
2019-09-27 12:02:58, [0.0, 0.0, 0.0, 99.11, 36.66, 12.31, 0.0, 0.0, 0.0]
2019-09-27 12:07:58, [0.0, 0.0, 0.0, 102.64, 36.54, 11.24, 0.0, 0.0, 0.0]
2019-09-27 12:12:58, [0.0, 0.0, 0.0, 108.39, 40.83, 14.06, 0.0, 0.0, 0.0]
2019-09-27 12:17:58, [0.0, 0.0, 0.0, 124.78, 45.7, 14.92, 0.0, 0.0, 0.0]
2019-09-27 12:22:57, [0.0, 0.0, 0.0, 146.48, 56.46, 20.2, 0.12, 0.0, 0.0]
2019-09-27 12:27:58, [0.0, 0.0, 0.0, 155.2, 57.08, 18.7, 0.13, 0.0, 0.0]
2019-09-27 12:32:57, [0.0, 0.0, 0.0, 132.28, 50.31, 17.68, 0.0, 0.0, 0.0]
2019-09-27 12:37:58, [0.0, 0.0, 0.0, 115.09, 41.55, 13.21, 0.0, 0.0, 0.0]
2019-09-27 12:42:57, [0.0, 0.0, 0.0, 134.91, 48.85, 15.5, 0.0, 0.0, 0.0]
2019-09-27 12:47:58, [0.0, 0.0, 0.0, 141.73, 54.2, 19.13, 0.0, 0.0, 0.0]
2019-09-27 12:52:58, [0.0, 0.0, 0.0, 133.74, 51.89, 18.85, 0.0, 0.0, 0.0]
2019-09-27 12:57:58, [0.0, 0.0, 0.0, 153.72, 60.54, 22.49, 0.02, 0.0, 0.0]
2019-09-27 13:02:58, [0.0, 0.0, 0.0, 135.17, 53.07, 19.66, 0.05, 0.0, 0.0]
2019-09-27 13:07:57, [0.0, 0.0, 0.0, 143.0, 52.89, 17.51, 0.0, 0.0, 0.0]
2019-09-27 13:12:58, [0.0, 0.0, 0.0, 130.08, 48.77, 16.6, 0.0, 0.0, 0.0]
2019-09-27 13:17:57, [0.0, 0.0, 0.0, 135.64, 52.89, 19.37, 0.0, 0.0, 0.0]
2019-09-27 13:22:58, [0.0, 0.0, 0.0, 143.61, 53.15, 17.68, 0.0, 0.0, 0.0]
2019-09-27 13:27:57, [0.0, 0.0, 0.0, 115.29, 44.04, 15.58, 0.0, 0.0, 0.0]
2019-09-27 13:32:58, [0.0, 0.0, 0.0, 154.93, 61.94, 23.62, 0.42, 0.0, 0.0]
2019-09-27 13:37:58, [0.0, 0.0, 0.0, 149.83, 56.31, 19.23, 0.0, 0.0, 0.0]
2019-09-27 13:42:58, [0.0, 0.0, 0.0, 256.44, 93.54, 29.83, 1.14, 0.0, 0.0]
2019-09-27 13:47:58, [0.0, 0.0, 0.0, 268.91, 97.37, 30.53, 0.57, 0.0, 0.0]
2019-09-27 13:52:57, [0.0, 0.0, 0.0, 258.55, 95.06, 30.82, 0.53, 0.0, 0.0]
2019-09-27 13:57:58, [0.0, 0.0, 0.0, 245.36, 91.1, 30.12, 0.3, 0.0, 0.0]
2019-09-27 14:02:57, [0.0, 0.0, 0.0, 196.1, 74.23, 25.54, 0.4, 0.0, 0.0]
2019-09-27 14:07:58, [0.0, 0.0, 0.0, 129.65, 47.61, 15.55, 0.0, 0.0, 0.0]
2019-09-27 14:12:58, [0.0, 0.0, 0.0, 144.39, 56.17, 20.44, 0.1, 0.0, 0.0]
2019-09-27 14:17:57, [0.0, 0.0, 0.0, 171.44, 65.09, 22.65, 0.0, 0.0, 0.0]
2019-09-27 14:22:58, [0.0, 0.0, 0.0, 181.73, 64.43, 19.39, 0.02, 0.0, 0.0]
2019-09-27 14:27:57, [0.0, 0.0, 0.0, 169.87, 64.17, 22.06, 0.25, 0.0, 0.0]
2019-09-27 14:32:58, [0.0, 0.0, 0.0, 165.99, 68.16, 26.98, 0.04, 0.0, 0.0]
2019-09-27 14:37:58, [0.0, 0.0, 0.0, 207.86, 77.42, 25.83, 0.32, 0.0, 0.0]
2019-09-27 14:42:57, [0.0, 0.0, 0.0, 153.94, 58.01, 19.96, 0.0, 0.0, 0.0]
2019-09-27 14:47:58, [0.0, 0.0, 0.0, 241.63, 88.31, 28.28, 1.12, 0.0, 0.0]
2019-09-27 14:52:57, [0.0, 0.0, 0.0, 234.47, 82.36, 24.09, 1.88, 0.0, 0.0]
2019-09-27 14:57:58, [0.0, 0.0, 0.0, 202.42, 72.33, 22.09, 0.0, 0.0, 0.0]
2019-09-27 15:02:58, [0.0, 0.0, 0.0, 169.14, 61.33, 19.4, 0.0, 0.0, 0.0]
2019-09-27 15:07:57, [0.0, 0.0, 0.0, 171.05, 64.52, 22.11, 0.0, 0.0, 0.0]
2019-09-27 15:12:58, [0.0, 0.0, 0.0, 157.72, 57.83, 18.77, 0.0, 0.0, 0.0]
2019-09-27 15:17:58, [0.0, 0.0, 0.0, 152.46, 58.45, 20.72, 0.08, 0.0, 0.0]
2019-09-27 15:22:57, [0.0, 0.0, 0.0, 199.77, 71.97, 22.39, 0.07, 0.0, 0.0]
2019-09-27 15:27:58, [0.0, 0.0, 0.0, 185.76, 70.42, 24.41, 0.22, 0.0, 0.0]
2019-09-27 15:32:58, [0.0, 0.0, 0.0, 160.28, 58.22, 18.54, 0.0, 0.0, 0.0]
2019-09-27 15:37:58, [0.0, 0.0, 0.0, 156.86, 58.42, 19.59, 0.0, 0.0, 0.0]
2019-09-27 15:42:58, [0.0, 0.0, 0.0, 183.02, 70.42, 25.08, 0.08, 0.0, 0.0]
2019-09-27 15:47:57, [0.0, 0.0, 0.0, 160.19, 61.65, 21.96, 0.0, 0.0, 0.0]
2019-09-27 15:52:58, [0.0, 0.0, 0.0, 132.0, 48.81, 16.22, 0.0, 0.0, 0.0]
2019-09-27 15:57:58, [0.0, 0.0, 0.0, 150.14, 57.27, 20.1, 0.03, 0.0, 0.0]
2019-09-27 16:02:57, [0.0, 0.0, 0.0, 188.06, 68.51, 21.85, 0.21, 0.0, 0.0]
2019-09-27 16:07:58, [0.0, 0.0, 0.0, 170.36, 63.13, 20.92, 0.0, 0.0, 0.0]
2019-09-27 16:12:58, [0.0, 0.0, 0.0, 182.19, 66.79, 21.61, 0.09, 0.0, 0.0]
2019-09-27 16:17:57, [0.0, 0.0, 0.0, 183.69, 70.27, 24.76, 0.32, 0.0, 0.0]
2019-09-27 16:22:58, [0.0, 0.0, 0.0, 141.77, 55.48, 20.34, 0.0, 0.0, 0.0]
2019-09-27 16:27:58, [0.0, 0.0, 0.0, 118.72, 45.01, 15.67, 0.0, 0.0, 0.0]
2019-09-27 16:32:57, [0.0, 0.0, 0.0, 105.92, 41.32, 15.27, 0.0, 0.0, 0.0]
2019-09-27 16:37:58, [0.0, 0.0, 0.0, 124.2, 49.68, 19.05, 0.04, 0.0, 0.0]
2019-09-27 16:42:58, [0.0, 0.0, 0.0, 191.2, 72.62, 25.18, 0.19, 0.0, 0.0]
2019-09-27 16:47:57, [0.0, 0.0, 0.0, 175.45, 67.88, 24.41, 0.47, 0.0, 0.0]
2019-09-27 16:52:58, [0.0, 0.0, 0.0, 143.11, 57.14, 21.75, 0.13, 0.0, 0.0]
2019-09-27 16:57:58, [0.0, 0.0, 0.0, 169.93, 65.4, 23.33, 0.04, 0.0, 0.0]
2019-09-27 17:02:57, [0.0, 0.0, 0.0, 154.41, 58.23, 19.95, 0.0, 0.0, 0.0]
2019-09-27 17:07:58, [0.0, 0.0, 0.0, 154.25, 58.27, 20.08, 0.25, 0.0, 0.0]
2019-09-27 17:12:58, [0.0, 0.0, 0.0, 143.39, 53.48, 18.04, 0.0, 0.0, 0.0]
2019-09-27 17:17:57, [0.0, 0.0, 0.0, 157.78, 57.67, 18.55, 0.0, 0.0, 0.0]
2019-09-27 17:22:58, [0.0, 0.0, 0.0, 145.97, 56.47, 20.33, 0.0, 0.0, 0.0]
2019-09-27 17:27:58, [0.0, 0.0, 0.0, 130.42, 49.88, 17.61, 0.0, 0.0, 0.0]
2019-09-27 17:32:57, [0.0, 0.0, 0.0, 176.63, 62.94, 19.09, 0.16, 0.0, 0.0]
2019-09-27 17:37:58, [0.0, 0.0, 0.0, 133.29, 51.58, 18.65, 0.04, 0.0, 0.0]
2019-09-27 17:42:58, [0.0, 0.0, 0.0, 153.16, 57.35, 19.4, 0.0, 0.0, 0.0]
2019-09-27 17:47:57, [0.0, 0.0, 0.0, 96.41, 35.56, 11.8, 0.0, 0.0, 0.0]
2019-09-27 17:52:58, [0.0, 0.0, 0.0, 104.51, 37.34, 11.58, 0.0, 0.0, 0.0]
2019-09-27 17:57:58, [0.0, 0.0, 0.0, 165.18, 62.03, 21.12, 0.0, 0.0, 0.0]
2019-09-27 18:02:57, [0.0, 0.0, 0.0, 165.79, 62.38, 21.29, 0.0, 0.0, 0.0]
2019-09-27 18:07:58, [0.0, 0.0, 0.0, 191.42, 68.13, 20.67, 0.0, 0.0, 0.0]
2019-09-27 18:12:58, [0.0, 0.0, 0.0, 216.1, 77.06, 23.39, 0.16, 0.0, 0.0]
2019-09-27 18:17:57, [0.0, 0.0, 0.0, 182.07, 68.2, 23.0, 0.0, 0.0, 0.0]
2019-09-27 18:22:58, [0.0, 0.0, 0.0, 133.65, 52.53, 19.5, 0.0, 0.0, 0.0]
2019-09-27 18:27:58, [0.0, 0.0, 0.0, 132.82, 43.16, 10.34, 0.0, 0.0, 0.0]
2019-09-27 18:32:57, [0.0, 0.0, 0.0, 140.66, 51.81, 17.0, 0.0, 0.0, 0.0]
2019-09-27 18:37:58, [0.0, 0.0, 0.0, 130.17, 48.45, 16.27, 0.0, 0.0, 0.0]
2019-09-27 18:42:58, [0.0, 0.0, 0.0, 126.29, 49.8, 18.62, 0.0, 0.0, 0.0]
2019-09-27 18:47:57, [0.0, 0.0, 0.0, 128.52, 46.29, 14.52, 0.0, 0.0, 0.0]
2019-09-27 18:52:58, [0.0, 0.0, 0.0, 93.77, 34.84, 11.77, 0.0, 0.0, 0.0]
2019-09-27 18:57:58, [0.0, 0.0, 0.0, 116.6, 46.44, 17.65, 0.0, 0.0, 0.0]
2019-09-27 19:02:58, [0.0, 0.0, 0.0, 103.84, 38.11, 12.59, 0.0, 0.0, 0.0]
2019-09-27 19:07:58, [0.0, 0.0, 0.0, 89.69, 32.4, 10.34, 0.0, 0.0, 0.0]
2019-09-27 19:12:58, [0.0, 0.0, 0.0, 69.13, 27.64, 10.71, 0.0, 0.0, 0.0]
2019-09-27 19:17:58, [0.0, 0.0, 0.0, 97.64, 37.32, 13.35, 0.0, 0.0, 0.0]
2019-09-27 19:22:58, [0.0, 0.0, 0.0, 120.18, 46.7, 16.97, 0.0, 0.0, 0.0]
2019-09-27 19:27:57, [0.0, 0.0, 0.0, 118.43, 44.9, 15.7, 0.0, 0.0, 0.0]
2019-09-27 19:32:58, [0.0, 0.0, 0.0, 140.76, 52.62, 17.84, 0.0, 0.0, 0.0]
2019-09-27 19:37:58, [0.0, 0.0, 0.0, 202.36, 74.37, 24.17, 0.06, 0.0, 0.0]
2019-09-27 19:42:57, [0.0, 0.0, 0.0, 132.23, 48.55, 15.89, 0.01, 0.0, 0.0]
2019-09-27 19:47:57, [0.0, 0.0, 0.0, 124.64, 49.32, 18.55, 0.0, 0.0, 0.0]
2019-09-27 19:52:58, [0.0, 0.0, 0.0, 101.02, 35.65, 10.75, 0.0, 0.0, 0.0]
2019-09-27 19:57:58, [0.0, 0.0, 0.0, 124.18, 43.02, 12.31, 0.15, 0.0, 0.0]
2019-09-27 20:02:58, [0.0, 0.0, 0.0, 185.63, 67.98, 21.94, 0.0, 0.0, 0.0]
2019-09-27 20:07:58, [0.0, 0.0, 0.0, 147.99, 55.43, 18.82, 0.0, 0.0, 0.0]
2019-09-27 20:12:58, [0.0, 0.0, 0.0, 146.66, 57.02, 20.71, 0.0, 0.0, 0.0]
2019-09-27 20:17:58, [0.0, 0.0, 0.0, 136.92, 50.77, 16.91, 0.0, 0.0, 0.0]
2019-09-27 20:22:58, [0.0, 0.0, 0.0, 251.35, 95.79, 33.31, 0.9, 0.0, 0.0]
2019-09-27 20:27:58, [0.0, 0.07, 0.12, 385.47, 138.35, 42.37, 2.69, 0.0, 0.0]
2019-09-27 20:32:57, [0.0, 0.94, 1.5, 453.86, 166.78, 53.67, 3.6, 0.0, 0.0]
2019-09-27 20:37:57, [0.0, 0.68, 1.06, 462.18, 173.86, 58.66, 4.29, 0.0, 0.0]
2019-09-27 20:42:57, [0.0, 0.57, 0.85, 461.63, 166.0, 50.96, 3.21, 0.0, 0.0]
2019-09-27 20:47:58, [0.0, 0.0, 0.0, 400.04, 146.75, 47.13, 2.29, 0.0, 0.0]
2019-09-27 20:52:58, [0.0, 0.33, 0.33, 381.48, 144.55, 49.53, 2.64, 0.0, 0.0]
2019-09-27 20:57:58, [0.65, 1.43, 2.01, 564.42, 200.51, 59.78, 3.75, 0.0, 0.0]
2019-09-27 21:02:58, [0.71, 1.76, 2.75, 577.86, 206.85, 62.75, 3.33, 0.0, 0.0]
2019-09-27 21:07:58, [0.41, 1.46, 2.41, 592.05, 213.93, 66.3, 3.75, 0.0, 0.0]
2019-09-27 21:12:58, [0.0, 0.9, 1.69, 496.8, 177.3, 53.48, 2.71, 0.0, 0.0]
2019-09-27 21:17:57, [0.0, 0.44, 0.44, 418.09, 150.73, 46.58, 1.34, 0.0, 0.0]
2019-09-27 21:22:57, [0.0, 0.38, 0.47, 433.36, 151.71, 43.73, 1.06, 0.0, 0.0]
2019-09-27 21:27:58, [0.0, 0.17, 0.34, 380.31, 140.5, 45.8, 1.73, 0.0, 0.0]
2019-09-27 21:32:58, [0.0, 0.54, 0.86, 435.14, 163.83, 55.42, 2.75, 0.0, 0.0]
2019-09-27 21:37:58, [0.0, 0.55, 0.84, 453.95, 164.33, 51.21, 2.61, 0.0, 0.0]
2019-09-27 21:42:58, [0.96, 2.46, 3.38, 708.45, 260.95, 84.21, 6.95, 0.17, 0.0]
2019-09-27 21:47:58, [1.0, 2.76, 3.89, 677.71, 249.54, 80.46, 6.99, 0.0, 0.0]
2019-09-27 21:52:57, [0.7, 1.93, 2.45, 579.31, 210.42, 65.95, 7.01, 0.0, 0.0]
2019-09-27 21:57:57, [0.0, 1.01, 1.97, 484.85, 184.25, 63.41, 6.42, 0.0, 0.0]
2019-09-27 22:02:57, [0.43, 1.71, 2.63, 580.01, 223.12, 78.49, 6.52, 0.0, 0.0]
2019-09-27 22:07:57, [0.1, 1.16, 2.16, 526.87, 200.98, 69.66, 7.8, 0.08, 0.0]
2019-09-27 22:12:58, [0.04, 1.16, 2.16, 513.98, 195.63, 67.52, 5.77, 0.23, 0.0]
2019-09-27 22:17:58, [0.37, 1.85, 2.82, 594.48, 236.15, 87.91, 7.55, 0.02, 0.0]
2019-09-27 22:22:58, [0.59, 1.67, 2.65, 608.43, 224.37, 72.67, 7.8, 0.0, 0.0]
2019-09-27 22:27:58, [0.48, 1.55, 2.55, 594.58, 221.65, 73.39, 7.29, 0.0, 0.0]
2019-09-27 22:32:58, [0.0, 1.05, 1.82, 495.06, 180.98, 57.6, 3.15, 0.0, 0.0]
2019-09-27 22:37:58, [0.0, 1.0, 2.0, 490.05, 176.21, 54.07, 4.05, 0.0, 0.0]
2019-09-27 22:42:58, [0.01, 1.01, 1.98, 530.64, 194.14, 61.87, 4.09, 0.0, 0.0]
2019-09-27 22:47:57, [0.0, 0.5, 0.82, 447.57, 165.28, 53.74, 1.47, 0.0, 0.0]
2019-09-27 22:52:57, [0.11, 1.14, 2.03, 542.24, 194.52, 59.35, 3.9, 0.0, 0.0]
2019-09-27 22:57:57, [0.38, 1.38, 2.31, 568.8, 211.71, 69.9, 4.41, 0.0, 0.0]
2019-09-27 23:02:57, [0.98, 2.26, 3.28, 652.88, 241.42, 78.6, 6.93, 0.0, 0.0]
2019-09-27 23:07:58, [2.9, 4.65, 5.95, 943.86, 359.63, 124.07, 6.66, 0.0, 0.0]
2019-09-27 23:12:58, [5.94, 9.02, 11.19, 1475.81, 567.33, 198.74, 11.55, 0.0, 0.0]
2019-09-27 23:17:58, [2.4, 4.56, 5.86, 909.57, 331.47, 104.45, 8.11, 0.0, 0.0]
2019-09-27 23:22:58, [1.96, 3.96, 5.07, 867.26, 323.54, 107.09, 5.47, 0.0, 0.0]
2019-09-27 23:27:58, [2.89, 5.05, 6.65, 991.99, 369.64, 122.04, 10.19, 0.0, 0.0]
2019-09-27 23:32:58, [1.35, 3.35, 4.86, 787.76, 292.82, 96.27, 7.25, 0.0, 0.0]
2019-09-27 23:37:58, [2.19, 4.55, 6.03, 923.19, 335.67, 105.25, 7.59, 0.0, 0.0]
2019-09-27 23:42:58, [4.38, 6.85, 8.34, 1169.57, 444.21, 152.19, 9.67, 0.0, 0.0]
2019-09-27 23:47:58, [1.95, 3.89, 5.34, 857.22, 324.09, 110.15, 7.21, 0.0, 0.0]
2019-09-27 23:52:58, [1.0, 2.8, 4.22, 740.15, 267.6, 82.96, 4.23, 0.0, 0.0]
2019-09-27 23:57:58, [1.0, 2.9, 3.67, 701.72, 251.47, 76.39, 2.51, 0.0, 0.0]
2019-09-28 00:02:58, [1.0, 2.57, 3.4, 669.53, 243.45, 76.46, 4.88, 0.0, 0.0]
2019-09-28 00:07:58, [1.0, 2.7, 3.61, 702.35, 256.03, 80.83, 5.59, 0.0, 0.0]
2019-09-28 00:12:58, [1.28, 3.25, 4.45, 760.27, 282.4, 92.71, 6.44, 0.0, 0.0]
2019-09-28 00:17:58, [1.3, 3.21, 4.36, 777.5, 286.87, 92.89, 5.99, 0.0, 0.0]
2019-09-28 00:22:58, [2.19, 4.49, 5.86, 931.93, 342.7, 110.12, 6.19, 0.0, 0.0]
2019-09-28 00:27:57, [2.26, 4.43, 5.89, 927.43, 338.08, 106.62, 8.54, 0.0, 0.0]
2019-09-28 00:32:57, [5.06, 8.08, 10.4, 1361.43, 521.43, 181.44, 11.22, 0.0, 0.0]
2019-09-28 00:37:58, [3.25, 5.54, 7.67, 1064.86, 403.19, 137.34, 10.18, 0.0, 0.0]
2019-09-28 00:42:58, [1.98, 4.45, 5.55, 874.87, 336.84, 118.47, 7.94, 0.0, 0.0]
2019-09-28 00:47:58, [1.7, 3.99, 5.45, 836.14, 319.09, 110.42, 7.62, 0.0, 0.0]
2019-09-28 00:52:58, [2.86, 4.93, 6.33, 947.29, 361.19, 124.75, 8.44, 0.0, 0.0]
2019-09-28 00:57:57, [1.56, 3.56, 4.73, 799.32, 298.01, 98.55, 7.51, 0.07, 0.0]
2019-09-28 01:02:57, [1.54, 3.54, 5.16, 823.83, 305.6, 100.01, 9.45, 0.0, 0.0]
2019-09-28 01:07:58, [1.39, 3.39, 4.87, 790.37, 292.12, 94.9, 9.09, 0.0, 0.0]
2019-09-28 01:12:58, [1.44, 3.11, 4.28, 766.3, 285.2, 94.0, 6.1, 0.0, 0.0]
2019-09-28 01:17:58, [1.86, 4.16, 5.63, 864.15, 323.52, 107.85, 8.65, 0.0, 0.0]
2019-09-28 01:22:58, [1.87, 4.32, 5.65, 910.97, 337.34, 109.98, 7.74, 0.0, 0.0]
2019-09-28 01:27:57, [2.15, 4.11, 5.47, 929.94, 338.46, 106.36, 8.06, 0.0, 0.0]
2019-09-28 01:32:58, [2.43, 4.94, 6.51, 973.3, 372.5, 129.56, 9.07, 0.0, 0.0]
2019-09-28 01:37:58, [2.45, 4.8, 6.3, 967.92, 368.63, 127.01, 8.89, 0.0, 0.0]
2019-09-28 01:42:58, [1.93, 4.31, 5.89, 908.84, 338.34, 111.5, 9.29, 0.07, 0.0]
2019-09-28 01:47:58, [1.34, 3.34, 4.55, 785.47, 296.03, 100.03, 6.98, 0.0, 0.0]
2019-09-28 01:52:57, [1.36, 3.36, 4.82, 790.45, 294.99, 97.75, 9.23, 0.0, 0.0]
2019-09-28 01:57:57, [1.0, 2.6, 3.67, 686.11, 250.75, 79.65, 4.1, 0.0, 0.0]
2019-09-28 02:02:58, [1.03, 2.95, 4.41, 718.41, 267.43, 88.17, 6.89, 0.0, 0.0]
2019-09-28 02:07:58, [0.97, 2.47, 3.44, 676.91, 246.05, 77.21, 5.39, 0.0, 0.0]
2019-09-28 02:12:58, [1.0, 2.21, 3.39, 665.19, 245.2, 79.27, 5.61, 0.0, 0.0]
2019-09-28 02:17:57, [1.0, 2.02, 3.02, 673.84, 244.58, 76.51, 6.92, 0.0, 0.0]
2019-09-28 02:22:57, [0.79, 2.13, 3.03, 626.35, 233.27, 77.06, 3.25, 0.0, 0.0]
2019-09-28 02:27:58, [0.45, 1.48, 2.27, 543.75, 200.0, 64.42, 5.0, 0.0, 0.0]
2019-09-28 02:32:58, [0.0, 0.82, 1.36, 480.09, 174.88, 55.23, 3.12, 0.0, 0.0]
2019-09-28 02:37:58, [0.63, 1.93, 2.82, 598.15, 221.22, 72.09, 5.91, 0.0, 0.0]
2019-09-28 02:42:58, [0.73, 1.97, 2.66, 601.41, 219.23, 69.26, 4.11, 0.0, 0.0]
2019-09-28 02:47:57, [0.89, 2.11, 3.09, 609.11, 232.12, 80.19, 3.62, 0.0, 0.0]
2019-09-28 02:52:57, [0.16, 1.26, 2.21, 535.86, 197.86, 64.27, 3.93, 0.0, 0.0]
2019-09-28 02:57:58, [0.93, 2.2, 3.14, 594.92, 232.76, 84.43, 5.6, 0.0, 0.0]
2019-09-28 03:02:58, [0.79, 2.09, 3.14, 617.59, 227.68, 73.65, 5.53, 0.0, 0.0]
2019-09-28 03:07:58, [0.02, 0.96, 1.59, 494.52, 181.93, 58.65, 3.04, 0.0, 0.0]
2019-09-28 03:12:58, [0.0, 0.43, 0.61, 430.06, 155.1, 47.97, 1.82, 0.0, 0.0]
2019-09-28 03:17:57, [0.0, 0.38, 0.47, 386.74, 142.5, 46.22, 1.1, 0.0, 0.0]
2019-09-28 03:22:57, [0.0, 0.76, 1.45, 475.66, 173.98, 55.45, 4.09, 0.0, 0.0]
2019-09-28 03:27:58, [0.0, 0.0, 0.0, 379.74, 137.66, 43.13, 1.66, 0.0, 0.0]
2019-09-28 03:32:58, [0.0, 0.0, 0.0, 360.13, 129.34, 39.7, 1.68, 0.0, 0.0]
2019-09-28 03:37:58, [0.0, 0.0, 0.0, 340.79, 122.35, 37.5, 1.49, 0.0, 0.0]
2019-09-28 03:42:57, [0.0, 0.0, 0.0, 309.23, 107.45, 30.49, 0.12, 0.0, 0.0]
2019-09-28 03:47:58, [0.0, 0.0, 0.0, 314.35, 110.2, 31.97, 0.17, 0.0, 0.0]
2019-09-28 03:52:58, [0.0, 0.48, 0.82, 413.4, 150.0, 47.07, 1.54, 0.0, 0.0]
2019-09-28 03:57:58, [0.0, 1.0, 2.0, 506.87, 190.74, 64.35, 5.02, 0.0, 0.0]
2019-09-28 04:02:57, [0.0, 1.0, 1.69, 519.51, 183.87, 54.35, 1.97, 0.0, 0.0]
2019-09-28 04:07:58, [0.71, 1.71, 2.36, 599.77, 206.64, 57.08, 1.25, 0.0, 0.0]
2019-09-28 04:12:58, [1.14, 2.91, 4.14, 759.48, 272.42, 82.95, 3.48, 0.0, 0.0]
2019-09-28 04:17:58, [1.13, 2.64, 3.68, 704.92, 248.22, 72.34, 2.54, 0.0, 0.0]
2019-09-28 04:22:57, [0.75, 1.75, 2.56, 614.65, 215.26, 61.97, 2.33, 0.0, 0.0]
2019-09-28 04:27:58, [1.5, 3.25, 4.44, 743.56, 275.04, 89.54, 5.07, 0.0, 0.0]
2019-09-28 04:32:58, [1.95, 4.18, 5.76, 853.06, 327.78, 114.89, 7.9, 0.0, 0.0]
2019-09-28 04:37:57, [1.27, 2.58, 3.78, 672.32, 247.8, 80.08, 6.35, 0.0, 0.0]
2019-09-28 04:42:58, [0.62, 1.69, 2.58, 610.88, 215.84, 63.5, 2.5, 0.0, 0.0]
2019-09-28 04:47:58, [0.0, 0.44, 0.57, 408.02, 142.38, 40.74, 0.54, 0.0, 0.0]
2019-09-28 04:52:58, [0.0, 0.03, 0.03, 350.95, 119.93, 32.56, 0.58, 0.0, 0.0]
2019-09-28 04:57:57, [0.0, 0.19, 0.22, 422.29, 144.8, 39.59, 0.23, 0.0, 0.0]
2019-09-28 05:02:58, [0.0, 0.48, 0.6, 444.86, 153.08, 42.25, 0.57, 0.0, 0.0]
2019-09-28 05:07:58, [0.13, 1.16, 2.03, 525.24, 186.54, 55.62, 1.88, 0.0, 0.0]
2019-09-28 05:12:57, [0.02, 1.22, 1.97, 526.42, 184.02, 52.79, 1.6, 0.0, 0.0]
2019-09-28 05:17:58, [0.96, 2.79, 3.78, 724.62, 262.99, 82.18, 2.35, 0.0, 0.0]
2019-09-28 05:22:58, [2.86, 5.27, 6.77, 977.16, 370.42, 126.55, 7.63, 0.0, 0.0]
2019-09-28 05:27:57, [2.16, 4.63, 6.07, 915.21, 349.52, 121.1, 8.58, 0.0, 0.0]
2019-09-28 05:32:58, [1.3, 3.16, 4.36, 713.91, 266.77, 88.69, 7.89, 0.0, 0.0]
2019-09-28 05:37:58, [1.36, 3.36, 4.11, 731.93, 270.23, 87.64, 4.01, 0.0, 0.0]
2019-09-28 05:42:57, [1.25, 2.7, 3.7, 690.92, 252.91, 80.57, 2.57, 0.0, 0.0]
2019-09-28 05:47:58, [1.56, 3.56, 5.03, 790.57, 298.84, 101.58, 6.47, 0.0, 0.0]
2019-09-28 05:52:57, [3.0, 5.05, 6.79, 1001.1, 378.07, 128.16, 9.7, 0.0, 0.0]
2019-09-28 05:57:58, [1.76, 3.97, 5.17, 831.26, 310.33, 102.89, 6.82, 0.0, 0.0]
2019-09-28 06:02:58, [1.0, 2.23, 3.23, 645.26, 229.49, 68.56, 4.14, 0.0, 0.0]
2019-09-28 06:07:57, [1.01, 2.46, 3.4, 659.93, 243.06, 78.48, 4.81, 0.0, 0.0]
2019-09-28 06:12:58, [1.08, 3.08, 4.43, 759.07, 277.85, 88.45, 7.03, 0.0, 0.0]
2019-09-28 06:17:57, [0.56, 1.7, 2.58, 603.96, 212.24, 61.64, 3.8, 0.0, 0.0]
2019-09-28 06:22:58, [1.0, 2.92, 3.35, 687.77, 238.48, 66.95, 1.65, 0.0, 0.0]
2019-09-28 06:27:58, [1.0, 2.74, 3.71, 688.24, 246.21, 74.54, 2.83, 0.0, 0.0]
2019-09-28 06:32:57, [1.08, 2.91, 3.98, 729.96, 268.74, 86.63, 5.32, 0.0, 0.0]
2019-09-28 06:37:58, [1.24, 3.24, 4.16, 744.92, 261.45, 75.6, 4.29, 0.0, 0.0]
2019-09-28 06:42:57, [1.19, 3.19, 4.27, 750.83, 268.03, 80.68, 3.23, 0.0, 0.0]
2019-09-28 06:47:58, [2.88, 4.98, 6.23, 998.23, 361.25, 112.05, 4.61, 0.0, 0.0]
2019-09-28 06:52:57, [2.5, 4.36, 5.81, 928.49, 329.66, 97.92, 7.53, 0.0, 0.0]
2019-09-28 06:57:58, [2.47, 4.2, 5.32, 887.82, 314.83, 93.26, 5.38, 0.0, 0.0]
2019-09-28 07:02:58, [2.76, 4.94, 6.03, 993.71, 356.21, 108.14, 7.69, 0.0, 0.0]
2019-09-28 07:07:57, [2.62, 4.55, 5.83, 956.25, 346.42, 107.7, 6.5, 0.0, 0.0]
2019-09-28 07:12:58, [2.65, 4.56, 5.93, 956.36, 347.42, 108.71, 6.38, 0.0, 0.0]
2019-09-28 07:17:57, [1.23, 3.23, 4.54, 743.6, 273.05, 87.52, 6.01, 0.0, 0.0]
2019-09-28 07:22:58, [1.0, 2.55, 3.63, 697.75, 246.43, 72.36, 3.18, 0.0, 0.0]
2019-09-28 07:27:58, [1.59, 3.59, 4.82, 815.52, 288.28, 84.77, 5.8, 0.0, 0.0]
2019-09-28 07:32:58, [1.47, 3.44, 4.25, 778.53, 277.23, 82.97, 4.02, 0.0, 0.0]
2019-09-28 07:37:58, [1.07, 2.65, 3.21, 669.17, 230.97, 64.04, 1.83, 0.0, 0.0]
2019-09-28 07:42:57, [0.51, 1.51, 2.37, 565.1, 197.81, 56.92, 1.99, 0.0, 0.0]
2019-09-28 07:47:58, [0.82, 1.82, 2.4, 572.23, 202.4, 59.71, 1.76, 0.0, 0.0]
2019-09-28 07:52:57, [0.65, 1.85, 2.67, 584.81, 202.99, 57.18, 2.18, 0.0, 0.0]
2019-09-28 07:57:58, [0.4, 1.4, 2.4, 569.67, 198.22, 56.17, 4.43, 0.0, 0.0]
2019-09-28 08:02:58, [0.0, 1.0, 2.0, 529.18, 185.28, 53.36, 1.6, 0.0, 0.0]
2019-09-28 08:07:58, [0.12, 1.13, 1.93, 545.75, 187.21, 51.15, 1.74, 0.0, 0.0]
2019-09-28 08:12:58, [0.04, 1.04, 1.53, 505.38, 176.47, 50.52, 2.04, 0.0, 0.0]
2019-09-28 08:17:58, [0.0, 0.6, 0.81, 487.64, 168.54, 47.02, 1.65, 0.0, 0.0]
2019-09-28 08:22:58, [0.0, 0.67, 0.71, 446.35, 151.75, 40.54, 0.76, 0.0, 0.0]
2019-09-28 08:27:58, [0.08, 1.07, 1.71, 508.53, 175.28, 48.53, 1.25, 0.0, 0.0]
2019-09-28 08:32:58, [0.0, 1.0, 1.89, 528.45, 183.59, 51.86, 1.69, 0.0, 0.0]
2019-09-28 08:37:58, [0.18, 1.22, 2.06, 551.4, 192.34, 54.89, 2.46, 0.0, 0.0]
2019-09-28 08:42:58, [0.0, 0.84, 1.43, 507.61, 175.91, 49.41, 1.69, 0.0, 0.0]
2019-09-28 08:47:57, [0.0, 0.81, 0.94, 457.65, 157.45, 43.41, 1.02, 0.0, 0.0]
2019-09-28 08:52:58, [0.04, 0.98, 1.63, 491.85, 169.83, 47.26, 0.55, 0.0, 0.0]
2019-09-28 08:57:57, [0.93, 1.93, 2.38, 611.01, 215.78, 63.42, 2.27, 0.0, 0.0]
2019-09-28 09:02:58, [1.41, 3.08, 4.24, 791.19, 278.08, 80.65, 4.36, 0.0, 0.0]
2019-09-28 09:07:57, [1.53, 3.62, 4.38, 814.18, 291.37, 88.18, 3.63, 0.0, 0.0]
2019-09-28 09:12:58, [2.72, 4.81, 6.1, 971.62, 352.97, 110.42, 7.67, 0.0, 0.0]
2019-09-28 09:17:57, [3.16, 5.64, 7.41, 1067.15, 389.48, 123.08, 8.47, 0.0, 0.0]
2019-09-28 09:22:58, [3.87, 5.87, 7.96, 1112.9, 416.58, 138.72, 10.55, 0.0, 0.0]
2019-09-28 09:27:57, [3.71, 6.14, 8.08, 1157.62, 437.27, 148.24, 11.31, 0.0, 0.0]
2019-09-28 09:32:58, [5.66, 8.46, 10.74, 1467.5, 542.68, 176.18, 11.85, 0.06, 0.0]
2019-09-28 09:37:57, [6.86, 10.24, 12.78, 1639.21, 626.36, 216.95, 14.46, 0.16, 0.0]
2019-09-28 09:42:58, [8.48, 11.91, 14.87, 1863.79, 701.92, 236.3, 16.1, 0.25, 0.0]
2019-09-28 09:47:57, [11.42, 16.22, 19.92, 2363.42, 931.16, 340.66, 22.75, 1.34, 0.0]
2019-09-28 09:52:58, [13.85, 19.51, 24.51, 2818.11, 1097.5, 393.32, 30.76, 0.82, 0.0]
2019-09-28 09:57:57, [18.61, 25.31, 31.56, 3548.96, 1393.44, 506.57, 39.66, 2.09, 0.0]
2019-09-28 10:02:58, [20.96, 28.54, 35.09, 3876.15, 1541.88, 573.21, 44.68, 4.58, 0.0]
2019-09-28 10:07:57, [22.38, 30.5, 36.88, 4121.14, 1618.94, 589.04, 40.75, 4.87, 0.0]
2019-09-28 10:12:58, [24.83, 33.62, 42.19, 4632.78, 1828.66, 670.86, 50.76, 4.76, 0.0]
2019-09-28 10:17:57, [25.27, 34.32, 43.72, 4710.91, 1836.69, 659.36, 58.76, 6.4, 0.0]
2019-09-28 10:22:58, [25.16, 34.1, 43.05, 4651.33, 1836.19, 673.67, 53.84, 6.01, 0.0]
2019-09-28 10:27:58, [24.76, 33.16, 41.29, 4515.38, 1757.1, 628.63, 49.62, 5.59, 0.0]
2019-09-28 10:32:58, [25.91, 35.3, 43.79, 4745.98, 1865.34, 679.22, 52.57, 5.19, 0.0]
2019-09-28 10:37:58, [27.89, 37.57, 48.14, 5064.33, 1996.29, 730.56, 58.99, 6.28, 0.0]
2019-09-28 10:42:58, [24.11, 32.85, 41.12, 4411.57, 1745.42, 642.88, 50.75, 5.07, 0.0]
2019-09-28 10:47:58, [21.54, 29.41, 36.16, 4025.82, 1583.04, 576.97, 42.87, 4.39, 0.0]
2019-09-28 10:52:57, [23.1, 30.94, 38.88, 4244.59, 1677.92, 617.15, 43.54, 4.66, 0.0]
2019-09-28 10:57:58, [22.58, 30.58, 38.07, 4157.65, 1649.79, 610.78, 48.82, 4.55, 0.0]
2019-09-28 11:02:57, [18.92, 25.65, 31.96, 3539.95, 1398.01, 513.42, 41.9, 2.41, 0.0]
2019-09-28 11:07:58, [18.46, 25.28, 31.6, 3492.45, 1387.09, 514.36, 39.63, 3.3, 0.0]
2019-09-28 11:12:57, [17.35, 24.03, 29.47, 3348.21, 1311.89, 475.19, 34.18, 3.0, 0.0]
2019-09-28 11:17:58, [14.51, 20.43, 25.14, 2816.57, 1102.14, 398.36, 29.48, 1.8, 0.0]
2019-09-28 11:22:58, [10.99, 15.59, 19.47, 2240.9, 883.13, 323.28, 21.2, 0.83, 0.0]
2019-09-28 11:27:58, [15.11, 20.95, 26.11, 2958.96, 1170.84, 431.47, 30.72, 1.51, 0.0]
2019-09-28 11:32:58, [20.35, 27.6, 35.04, 3807.78, 1486.15, 534.55, 44.49, 3.88, 0.0]
2019-09-28 11:37:57, [18.23, 25.34, 31.93, 3433.36, 1362.76, 504.8, 42.08, 3.95, 0.0]
2019-09-28 11:42:58, [12.47, 17.46, 21.58, 2470.94, 968.98, 351.62, 25.04, 1.3, 0.0]
2019-09-28 11:47:57, [11.57, 16.03, 19.95, 2345.69, 925.87, 339.81, 22.84, 1.27, 0.0]
2019-09-28 11:52:58, [11.21, 15.92, 20.01, 2243.54, 888.36, 327.86, 24.44, 0.68, 0.0]
2019-09-28 11:57:58, [9.56, 13.58, 17.16, 2048.82, 794.56, 282.75, 20.93, 0.29, 0.0]
2019-09-28 12:02:57, [10.67, 15.06, 19.34, 2193.51, 850.02, 302.02, 22.87, 0.41, 0.0]
2019-09-28 12:07:58, [8.96, 12.77, 16.34, 1958.49, 764.53, 275.25, 20.29, 0.24, 0.0]
2019-09-28 12:12:58, [14.06, 19.53, 24.85, 2816.18, 1112.65, 409.02, 27.68, 0.5, 0.0]
2019-09-28 12:17:57, [11.47, 16.13, 20.38, 2326.73, 916.04, 334.74, 26.58, 2.18, 0.0]
2019-09-28 12:22:58, [10.96, 15.46, 19.44, 2252.75, 883.02, 320.24, 20.35, 0.49, 0.0]
2019-09-28 12:27:57, [9.59, 13.41, 16.54, 1965.6, 759.51, 268.5, 20.04, 0.16, 0.0]
2019-09-28 12:32:58, [7.83, 11.64, 14.69, 1801.23, 705.96, 255.98, 17.67, 0.27, 0.0]
2019-09-28 12:37:58, [5.88, 9.23, 11.46, 1482.53, 567.95, 197.71, 13.78, 0.04, 0.0]
2019-09-28 12:42:57, [4.46, 7.44, 9.47, 1257.46, 477.33, 163.35, 10.41, 0.0, 0.0]
2019-09-28 12:47:58, [7.9, 11.45, 14.15, 1765.07, 668.74, 227.84, 13.79, 0.0, 0.0]
2019-09-28 12:52:58, [9.44, 13.4, 16.86, 2024.63, 792.17, 286.39, 19.38, 0.24, 0.0]
2019-09-28 12:57:57, [15.43, 21.44, 26.9, 3066.6, 1207.25, 440.99, 29.17, 2.57, 0.0]
2019-09-28 13:02:58, [15.32, 21.15, 26.29, 2899.92, 1152.41, 427.82, 32.84, 2.72, 0.0]
2019-09-28 13:07:58, [9.56, 13.61, 16.96, 1998.09, 789.07, 289.94, 19.46, 0.56, 0.0]
2019-09-28 13:12:57, [7.3, 10.74, 13.45, 1672.96, 648.54, 230.68, 13.88, 0.0, 0.0]
2019-09-28 13:17:58, [5.78, 9.06, 11.55, 1479.61, 562.99, 193.47, 12.27, 0.0, 0.0]
2019-09-28 13:22:58, [4.82, 7.7, 9.63, 1296.81, 492.53, 168.73, 10.82, 0.0, 0.0]
2019-09-28 13:27:57, [3.99, 6.54, 8.76, 1159.18, 435.49, 146.09, 9.46, 0.0, 0.0]
2019-09-28 13:32:58, [3.38, 5.38, 6.87, 1031.2, 389.68, 132.28, 6.62, 0.0, 0.0]
2019-09-28 13:37:58, [5.04, 7.94, 10.45, 1341.16, 511.62, 176.73, 10.72, 0.0, 0.0]
2019-09-28 13:42:57, [10.76, 14.99, 18.6, 2232.19, 867.85, 310.19, 22.85, 0.17, 0.0]
2019-09-28 13:47:58, [10.04, 14.08, 17.89, 2064.01, 830.61, 315.01, 21.89, 0.34, 0.0]
2019-09-28 13:52:58, [7.46, 10.87, 13.95, 1653.83, 641.71, 228.64, 15.8, 0.0, 0.0]
2019-09-28 13:57:57, [6.09, 9.18, 11.78, 1482.56, 571.64, 201.37, 12.85, 0.0, 0.0]
2019-09-28 14:02:58, [7.18, 11.0, 13.98, 1673.39, 666.84, 248.88, 16.35, 0.05, 0.0]
2019-09-28 14:07:58, [9.33, 13.45, 17.14, 2032.94, 787.4, 279.53, 21.26, 0.36, 0.0]
2019-09-28 14:12:58, [11.47, 15.98, 20.88, 2281.94, 919.95, 349.83, 28.54, 2.42, 0.0]
2019-09-28 14:17:57, [10.59, 15.55, 20.04, 2206.28, 884.37, 333.17, 27.73, 2.63, 0.0]
2019-09-28 14:22:57, [8.54, 12.66, 16.52, 1886.11, 761.13, 290.0, 25.5, 2.3, 0.0]
2019-09-28 14:27:58, [6.66, 10.28, 13.15, 1545.51, 620.88, 234.85, 20.31, 2.16, 0.0]
2019-09-28 14:32:58, [4.48, 7.36, 9.82, 1245.04, 497.16, 186.3, 13.77, 0.15, 0.0]
2019-09-28 14:37:58, [3.84, 6.15, 8.5, 1082.26, 433.51, 163.35, 12.52, 0.0, 0.0]
2019-09-28 14:42:58, [6.95, 10.66, 13.61, 1611.74, 655.58, 253.03, 21.63, 1.63, 0.0]
2019-09-28 14:47:57, [5.49, 8.75, 11.92, 1398.45, 572.91, 223.67, 18.22, 1.44, 0.0]
2019-09-28 14:52:58, [4.56, 7.51, 10.24, 1245.29, 497.95, 186.99, 14.71, 0.85, 0.0]
2019-09-28 14:57:58, [3.91, 6.27, 8.33, 1090.96, 441.62, 169.24, 13.38, 0.56, 0.0]
2019-09-28 15:02:58, [3.72, 5.94, 8.3, 1069.34, 422.63, 155.66, 11.83, 0.0, 0.0]
2019-09-28 15:07:58, [4.36, 7.28, 9.82, 1231.8, 490.8, 183.22, 15.1, 0.82, 0.0]
2019-09-28 15:12:57, [3.25, 5.79, 7.74, 1009.66, 407.3, 155.26, 12.38, 0.16, 0.0]
2019-09-28 15:17:57, [2.57, 5.32, 7.13, 944.35, 380.8, 145.07, 10.86, 0.0, 0.0]
2019-09-28 15:22:58, [2.0, 4.47, 5.91, 840.5, 324.45, 114.69, 9.38, 0.02, 0.0]
2019-09-28 15:27:58, [2.77, 5.19, 6.93, 1002.94, 381.7, 131.32, 9.9, 0.0, 0.0]
2019-09-28 15:32:58, [3.62, 6.0, 7.84, 1038.76, 407.87, 148.57, 10.9, 0.06, 0.0]
2019-09-28 15:37:58, [1.92, 4.01, 5.54, 836.94, 323.17, 114.32, 8.88, 0.02, 0.0]
2019-09-28 15:42:57, [2.54, 5.0, 6.56, 946.79, 362.34, 126.02, 9.47, 0.06, 0.0]
2019-09-28 15:47:57, [3.92, 6.34, 7.91, 1101.7, 422.25, 147.19, 9.77, 0.08, 0.0]
2019-09-28 15:52:58, [6.04, 9.18, 12.26, 1487.0, 565.22, 193.83, 14.31, 0.0, 0.0]
2019-09-28 15:57:58, [7.3, 11.32, 14.71, 1719.69, 686.95, 257.42, 20.7, 1.33, 0.0]
2019-09-28 16:02:58, [7.24, 11.27, 14.8, 1708.88, 685.91, 259.08, 19.3, 1.3, 0.0]
2019-09-28 16:07:58, [6.12, 9.51, 12.88, 1503.4, 616.98, 241.5, 19.41, 1.11, 0.0]
2019-09-28 16:12:57, [6.7, 10.3, 13.29, 1555.04, 634.17, 245.79, 17.04, 0.15, 0.0]
2019-09-28 16:17:58, [4.53, 7.58, 10.28, 1305.88, 506.37, 180.26, 16.32, 0.23, 0.0]
2019-09-28 16:22:58, [5.95, 9.32, 11.88, 1487.77, 573.92, 202.36, 14.72, 0.0, 0.0]
2019-09-28 16:27:58, [7.59, 11.1, 14.22, 1818.76, 706.44, 252.13, 18.99, 0.12, 0.0]
2019-09-28 16:32:58, [10.37, 14.57, 17.64, 2077.57, 815.89, 296.89, 24.73, 0.53, 0.0]
2019-09-28 16:37:57, [7.51, 11.13, 13.95, 1699.01, 669.84, 245.45, 16.96, 0.05, 0.0]
2019-09-28 16:42:58, [6.86, 10.29, 13.05, 1585.61, 610.73, 214.7, 14.19, 0.37, 0.0]
2019-09-28 16:47:58, [3.73, 6.12, 8.18, 1085.6, 420.81, 149.76, 11.54, 0.0, 0.0]
2019-09-28 16:52:58, [2.88, 5.3, 6.57, 987.5, 364.27, 117.79, 7.88, 0.0, 0.0]
2019-09-28 16:57:58, [3.21, 5.37, 7.1, 1010.57, 382.3, 130.03, 9.32, 0.0, 0.0]
2019-09-28 17:02:57, [3.45, 5.7, 7.29, 1033.43, 381.93, 123.94, 10.08, 0.0, 0.0]
2019-09-28 17:07:58, [2.14, 4.42, 6.15, 910.25, 342.09, 114.87, 8.15, 0.0, 0.0]
2019-09-28 17:12:58, [3.79, 6.52, 8.56, 1133.09, 439.13, 156.25, 10.33, 0.0, 0.0]
2019-09-28 17:17:58, [3.22, 5.35, 7.0, 1030.45, 386.53, 129.3, 9.76, 0.0, 0.0]
2019-09-28 17:22:57, [4.0, 6.66, 8.89, 1190.96, 445.23, 147.89, 11.82, 0.0, 0.0]
2019-09-28 17:27:58, [2.67, 4.92, 6.51, 956.25, 351.99, 113.35, 8.38, 0.0, 0.0]
2019-09-28 17:32:58, [2.06, 4.34, 5.89, 815.23, 312.6, 109.21, 8.1, 0.0, 0.0]
2019-09-28 17:37:58, [2.66, 4.89, 6.63, 972.39, 369.26, 126.53, 8.78, 0.0, 0.0]
2019-09-28 17:42:58, [3.66, 5.96, 8.14, 1048.88, 421.53, 159.68, 12.97, 0.0, 0.0]
2019-09-28 17:47:57, [3.15, 5.42, 7.06, 1026.68, 395.0, 138.74, 8.71, 0.0, 0.0]
2019-09-28 17:52:57, [2.42, 4.86, 6.51, 983.47, 368.72, 123.25, 9.1, 0.0, 0.0]
2019-09-28 17:57:58, [4.64, 7.38, 9.89, 1287.82, 495.33, 173.79, 12.99, 0.05, 0.0]
2019-09-28 18:02:58, [4.23, 7.01, 9.4, 1188.1, 471.82, 175.18, 11.57, 0.0, 0.0]
2019-09-28 18:07:58, [2.33, 5.03, 6.78, 913.4, 364.94, 136.96, 9.91, 0.0, 0.0]
2019-09-28 18:12:57, [2.31, 4.51, 6.11, 923.64, 346.53, 116.03, 9.22, 0.0, 0.0]
2019-09-28 18:17:57, [3.1, 5.77, 7.63, 1040.31, 405.22, 145.51, 11.11, 0.0, 0.0]
2019-09-28 18:22:58, [2.32, 4.74, 6.09, 852.75, 333.55, 120.74, 9.17, 0.0, 0.0]
2019-09-28 18:27:58, [1.35, 3.23, 4.63, 719.67, 270.42, 90.85, 8.39, 0.0, 0.0]
2019-09-28 18:32:58, [2.55, 4.95, 6.68, 967.05, 369.57, 128.17, 9.6, 0.0, 0.0]
2019-09-28 18:37:58, [3.83, 6.24, 8.45, 1110.59, 441.61, 164.35, 12.45, 0.0, 0.0]
2019-09-28 18:42:57, [3.9, 6.43, 8.11, 1078.2, 417.43, 148.28, 10.61, 0.0, 0.0]
2019-09-28 18:47:57, [1.89, 3.91, 5.3, 820.82, 308.71, 103.88, 8.28, 0.0, 0.0]
2019-09-28 18:52:58, [1.02, 2.78, 4.1, 716.6, 262.64, 83.88, 7.13, 0.0, 0.0]
2019-09-28 18:57:58, [1.18, 2.84, 4.12, 749.96, 280.77, 93.64, 5.48, 0.0, 0.0]
2019-09-28 19:02:58, [3.72, 5.95, 8.2, 1092.72, 423.45, 150.65, 11.61, 0.11, 0.0]
2019-09-28 19:07:57, [2.0, 4.51, 6.12, 882.03, 331.79, 111.64, 8.25, 0.0, 0.0]
2019-09-28 19:12:57, [2.19, 4.75, 6.64, 937.45, 357.21, 123.18, 9.54, 0.0, 0.0]
2019-09-28 19:17:58, [1.65, 3.74, 5.48, 842.61, 318.99, 108.71, 8.97, 0.0, 0.0]
2019-09-28 19:22:58, [1.69, 3.84, 5.7, 816.58, 316.97, 113.17, 8.89, 0.0, 0.0]
2019-09-28 19:27:57, [3.04, 5.3, 7.01, 1039.26, 395.88, 136.42, 10.29, 0.0, 0.0]
2019-09-28 19:32:58, [3.25, 5.17, 7.15, 1013.56, 380.37, 127.35, 9.96, 0.0, 0.0]
2019-09-28 19:37:58, [1.88, 4.08, 5.64, 876.01, 320.13, 101.52, 4.68, 0.0, 0.0]
2019-09-28 19:42:58, [3.51, 6.12, 7.76, 1148.65, 421.44, 134.67, 9.04, 0.0, 0.0]
2019-09-28 19:47:57, [4.45, 7.03, 8.68, 1217.24, 455.65, 151.69, 11.48, 0.0, 0.0]
2019-09-28 19:52:58, [4.12, 6.43, 8.2, 1141.11, 425.85, 140.93, 11.23, 0.0, 0.0]
2019-09-28 19:57:58, [3.66, 5.86, 6.98, 1088.88, 401.77, 129.92, 8.46, 0.0, 0.0]
2019-09-28 20:02:57, [2.65, 4.86, 6.25, 974.4, 363.35, 120.13, 8.59, 0.0, 0.0]
2019-09-28 20:07:58, [2.82, 4.95, 5.84, 950.64, 342.86, 105.55, 7.37, 0.0, 0.0]
2019-09-28 20:12:58, [3.1, 5.09, 6.68, 1000.46, 364.96, 115.21, 9.05, 0.0, 0.0]
2019-09-28 20:17:58, [3.32, 5.54, 7.0, 1075.19, 383.34, 114.93, 5.65, 0.0, 0.0]
2019-09-28 20:22:58, [6.0, 9.26, 11.44, 1533.18, 581.49, 198.58, 12.19, 0.24, 0.0]
2019-09-28 20:27:58, [8.86, 12.8, 15.47, 1953.67, 751.93, 263.88, 16.64, 0.0, 0.0]
2019-09-28 20:32:58, [8.37, 12.27, 14.91, 1895.3, 718.05, 244.61, 15.77, 0.0, 0.0]
2019-09-28 20:37:57, [9.49, 13.42, 16.04, 2053.67, 785.45, 272.41, 17.38, 0.28, 0.0]
2019-09-28 20:42:57, [9.16, 12.91, 15.27, 1971.77, 758.17, 265.62, 16.25, 0.84, 0.0]
2019-09-28 20:47:57, [10.87, 15.23, 17.96, 2236.2, 853.32, 294.66, 18.63, 0.15, 0.0]
2019-09-28 20:52:57, [13.08, 18.52, 22.98, 2657.08, 1036.92, 373.02, 22.77, 0.91, 0.0]
2019-09-28 20:57:57, [11.18, 15.65, 19.04, 2300.31, 899.69, 324.99, 19.14, 0.36, 0.0]
2019-09-28 21:02:57, [11.82, 16.4, 19.47, 2369.34, 907.68, 315.72, 16.78, 0.15, 0.0]
2019-09-28 21:07:58, [14.13, 19.18, 23.36, 2776.67, 1085.25, 391.46, 26.46, 1.78, 0.0]
2019-09-28 21:12:58, [13.49, 18.39, 22.37, 2648.57, 1024.52, 362.74, 24.7, 1.32, 0.0]
2019-09-28 21:17:58, [13.36, 18.38, 21.52, 2612.09, 1013.18, 360.55, 21.25, 0.8, 0.0]
2019-09-28 21:22:58, [11.91, 16.32, 19.85, 2372.44, 922.43, 329.68, 19.27, 0.8, 0.0]
2019-09-28 21:27:58, [11.24, 15.27, 18.02, 2290.23, 887.98, 315.83, 16.4, 0.0, 0.0]
2019-09-28 21:32:58, [13.46, 18.52, 22.37, 2644.8, 1028.63, 367.81, 24.8, 1.04, 0.0]
2019-09-28 21:37:58, [12.87, 17.65, 21.2, 2531.89, 973.86, 341.26, 18.82, 0.41, 0.0]
2019-09-28 21:42:58, [12.67, 17.33, 21.09, 2543.05, 1000.35, 364.98, 23.04, 0.51, 0.0]
2019-09-28 21:47:58, [14.41, 19.69, 23.44, 2830.14, 1101.14, 393.98, 26.31, 0.5, 0.0]
2019-09-28 21:52:58, [13.34, 18.42, 22.0, 2663.85, 1034.43, 368.85, 22.01, 0.6, 0.0]
2019-09-28 21:57:58, [13.87, 19.12, 22.89, 2737.13, 1057.96, 374.03, 21.64, 0.57, 0.0]
2019-09-28 22:02:58, [14.01, 19.08, 23.33, 2764.52, 1064.65, 373.88, 23.59, 1.03, 0.0]
2019-09-28 22:07:58, [13.8, 18.88, 22.59, 2732.69, 1040.3, 357.51, 23.96, 0.69, 0.0]
2019-09-28 22:12:58, [13.41, 18.44, 21.77, 2688.57, 1030.77, 359.01, 23.19, 0.7, 0.0]
2019-09-28 22:17:58, [13.11, 18.03, 22.05, 2625.38, 1028.92, 372.96, 23.3, 1.97, 0.0]
2019-09-28 22:22:58, [12.75, 17.6, 21.27, 2538.14, 983.64, 349.48, 22.66, 2.34, 0.0]
2019-09-28 22:27:58, [11.75, 16.16, 19.87, 2319.5, 898.9, 319.41, 23.39, 0.87, 0.0]
2019-09-28 22:32:58, [11.59, 15.82, 19.51, 2346.12, 910.03, 323.88, 22.81, 1.63, 0.0]
2019-09-28 22:37:58, [10.32, 14.24, 17.87, 2176.19, 843.16, 299.48, 21.04, 0.77, 0.0]
2019-09-28 22:42:57, [11.35, 15.86, 18.83, 2308.35, 893.49, 316.78, 19.95, 1.57, 0.0]
2019-09-28 22:47:57, [11.05, 15.34, 19.32, 2271.86, 888.88, 321.29, 21.47, 1.99, 0.0]
2019-09-28 22:52:57, [10.09, 14.85, 18.47, 2133.37, 846.32, 313.35, 20.53, 0.91, 0.0]
2019-09-28 22:57:57, [10.34, 14.89, 18.22, 2159.45, 842.43, 302.95, 20.54, 1.46, 0.0]
2019-09-28 23:02:57, [10.67, 14.73, 18.4, 2245.24, 883.63, 322.69, 23.92, 1.32, 0.0]
2019-09-28 23:07:58, [10.07, 14.41, 17.61, 2128.09, 839.49, 307.82, 23.17, 1.16, 0.0]
2019-09-28 23:12:58, [10.85, 15.22, 18.96, 2256.49, 890.92, 327.19, 24.86, 3.28, 0.0]
2019-09-28 23:17:58, [11.02, 15.64, 19.79, 2277.87, 904.86, 335.78, 23.1, 1.89, 0.0]
2019-09-28 23:22:58, [10.69, 15.48, 18.82, 2232.41, 876.67, 318.95, 20.56, 0.85, 0.0]
2019-09-28 23:27:58, [10.64, 14.89, 18.57, 2206.04, 866.71, 315.58, 22.14, 1.27, 0.0]
2019-09-28 23:32:57, [9.76, 13.83, 17.27, 2088.27, 826.71, 305.03, 19.83, 1.42, 0.0]
2019-09-28 23:37:57, [11.71, 16.34, 20.39, 2379.46, 932.03, 337.54, 27.75, 2.4, 0.0]
2019-09-28 23:42:57, [11.37, 15.55, 18.99, 2292.15, 892.37, 319.71, 20.77, 0.95, 0.0]
2019-09-28 23:47:58, [10.27, 14.56, 18.43, 2191.06, 866.38, 318.97, 20.68, 1.52, 0.0]
2019-09-28 23:52:58, [11.16, 15.47, 19.05, 2331.15, 915.46, 333.05, 25.18, 3.08, 0.0]
2019-09-28 23:57:58, [10.69, 15.15, 19.11, 2229.2, 869.93, 313.03, 23.67, 2.52, 0.0]
2019-09-29 00:02:58, [10.43, 14.89, 18.8, 2197.63, 877.9, 328.84, 22.53, 2.85, 0.0]
2019-09-29 00:07:57, [10.55, 15.63, 19.09, 2225.03, 888.97, 333.1, 24.59, 2.77, 0.0]
2019-09-29 00:12:57, [8.84, 12.67, 16.78, 1913.07, 773.4, 295.5, 20.97, 1.47, 0.0]
2019-09-29 00:17:58, [9.5, 13.79, 17.74, 2022.54, 834.12, 328.85, 26.77, 3.71, 0.08]
2019-09-29 00:22:58, [8.31, 12.78, 16.57, 1863.1, 773.0, 307.58, 23.58, 3.36, 0.0]
2019-09-29 00:27:57, [8.07, 12.47, 16.09, 1765.08, 728.61, 287.72, 26.63, 5.42, 0.41]
2019-09-29 00:32:58, [9.89, 14.73, 19.15, 2045.97, 846.91, 335.79, 30.08, 5.85, 0.2]
2019-09-29 00:37:58, [10.9, 15.63, 20.48, 2287.83, 935.03, 363.48, 29.48, 5.88, 0.58]
2019-09-29 00:42:57, [10.88, 15.84, 20.57, 2252.63, 924.7, 361.92, 30.93, 5.85, 0.6]
2019-09-29 00:47:58, [8.63, 13.02, 17.23, 1884.41, 780.29, 309.58, 27.63, 5.21, 0.35]
2019-09-29 00:52:58, [7.49, 11.17, 15.53, 1745.4, 731.49, 295.52, 23.88, 3.01, 0.0]
2019-09-29 00:57:57, [7.67, 11.7, 16.4, 1683.39, 714.5, 294.03, 27.38, 5.18, 0.69]
